1  1  1  1  1  1  1  1  1  1  1  1  1  1  1  1
1  1  1  1  1  1  1  1  1  1  1  1  1  1  1  1
1  1  1  1  1  1  1  1  1  1  1  1  1  1  1  1
1  1  1  1  1  1  1  1  1  1  1  1  1  1  1  1
1  1  1  1  1  1  1  1  1  1  1  1  1  1  1  1
1  1  1  1  1  1  1  1  1  1  1  1  1  1  1  1
1  1  1  1  1  1  1  1  1  1  1  1  1  1  1  1
1  1  1  1  1  1  1  1  1  1  1  1  1  1  1  1
1  1  1  1  1  1  1  1  1  1  1  1  1  1  1  1
1.06624  0.83693  0.851989  0.455467  0.397577  0.213458  0.189724  0.195645  0.27213  0.211732  0.273123  0.81903  1.03524  1.2623  2.57005  1.91035
1.97268  1.28785  0.943113  0.802204  0.63803  0.378209  0.332852  0.302197  0.305067  0.329089  0.405085  1.29183  1.82469  2.39515  3.33562  4.3727
2.17962  1.41755  1.11136  0.910807  0.68439  0.377674  0.338181  0.336302  0.329108  0.363012  0.442425  1.45294  1.96673  2.62112  3.0018  3.67198
1.71643  1.25907  1.0902  0.882566  0.670846  0.394469  0.327535  0.319579  0.35631  0.362934  0.442237  1.36099  1.92299  2.4863  2.85436  3.38147
1.72987  1.25023  1.04467  0.90232  0.676437  0.384475  0.326134  0.315751  0.357683  0.352667  0.455938  1.54143  1.86417  2.41753  2.81286  3.52925
1.75715  1.40307  1.08831  0.884086  0.65634  0.374821  0.31795  0.318105  0.358758  0.379469  0.445127  1.38812  1.96145  2.56866  2.74051  3.07384
1.63003  1.15062  1.18199  0.851023  0.655835  0.355429  0.336047  0.362128  0.352617  0.396291  0.445694  1.37297  1.72942  2.45778  2.95157  3.0536
1.52652  1.15502  1.10264  0.861349  0.724665  0.375428  0.374363  0.345321  0.352713  0.373097  0.459558  1.39035  1.84452  2.22324  2.41992  3.01709
1.41825  1.22988  1.06578  0.874573  0.711239  0.374657  0.331645  0.332523  0.378298  0.375189  0.481147  1.52495  1.85117  2.2733  2.61836  3.23377
1.26843  1.20507  0.887201  0.890136  0.628474  0.338419  0.35092  0.357996  0.331929  0.40433  0.427569  1.41871  1.67159  2.0639  2.16126  2.70039
1.22571  1.18085  0.961495  0.863912  0.738559  0.373206  0.321007  0.358109  0.353269  0.376553  0.430492  1.48008  1.72682  2.0595  2.57523  2.27622
1.33255  1.10501  1.02637  0.802079  0.679651  0.397533  0.359167  0.321287  0.369456  0.426246  0.485745  1.38476  1.91815  2.01407  2.56169  2.57895
1.48331  1.12287  0.85117  0.872342  0.68567  0.375813  0.373022  0.360221  0.378881  0.394179  0.433174  1.36771  1.65151  1.85863  2.3164  2.30406
1.37851  1.26244  0.966501  0.791001  0.740391  0.402466  0.358714  0.375383  0.359038  0.417453  0.472188  1.36587  1.74452  1.95623  2.20838  2.13106
1.18064  1.15289  0.976653  0.875081  0.773987  0.375105  0.357306  0.375411  0.394725  0.455142  0.464949  1.34633  1.56982  1.93276  2.30203  2.31
1.26294  1.13377  0.899645  0.93015  0.83601  0.394089  0.374527  0.367099  0.42266  0.379464  0.434504  1.36427  1.55959  2.00341  1.89038  1.90484
1.14667  1.22627  0.923064  0.925801  0.714976  0.431121  0.392903  0.368461  0.399317  0.428169  0.442503  1.39487  1.47373  1.42508  1.81449  1.84139
1.22864  1.08668  0.81754  0.791089  0.696637  0.371384  0.374839  0.376485  0.420292  0.435155  0.496284  1.26675  1.55724  1.73689  1.59689  2.11759
1.1423  1.23686  0.849925  0.842761  0.710751  0.397449  0.369084  0.360677  0.392209  0.48432  0.483249  1.44118  1.42739  1.75148  1.65225  1.57139
1.01596  1.03869  0.862494  0.857665  0.700237  0.392698  0.385019  0.37269  0.405349  0.420457  0.471793  1.38231  1.52417  1.42015  1.3617  1.82601
0.894213  1.26548  0.900118  0.999869  0.775045  0.406188  0.4053  0.421353  0.383647  0.48085  0.482473  1.33974  1.51882  1.60579  1.41957  1.53832
1.1622  1.10417  0.873087  0.886863  0.667781  0.426427  0.393909  0.404353  0.378771  0.446302  0.488886  1.29449  1.41754  1.49139  1.79022  1.252
0.982194  0.862059  0.865697  0.821691  0.757544  0.423023  0.377078  0.390045  0.400218  0.486118  0.466264  1.22109  1.51275  1.43899  1.30674  1.39287
1.10328  0.762039  0.884843  0.944999  0.722612  0.412079  0.413204  0.404765  0.457612  0.411225  0.501327  1.27304  1.23911  1.52312  1.42962  1.40645
1.15336  0.980746  0.844248  0.837941  0.733839  0.396959  0.396688  0.421421  0.428923  0.441563  0.477066  1.22245  1.40006  1.32638  1.66312  1.49882
1.25894  0.997841  0.808289  0.922584  0.758765  0.403799  0.381015  0.409021  0.400393  0.455699  0.43783  1.23408  1.37521  1.33621  1.86401  1.56997
1.08048  0.976649  0.862688  0.769119  0.719965  0.377071  0.464248  0.396719  0.44416  0.463479  0.521829  1.17204  1.36991  1.38981  1.69411  0.993547
1.07823  1.01576  0.914061  0.869583  0.795235  0.406911  0.398207  0.493142  0.476944  0.444  0.491139  1.19395  1.32246  1.39759  1.27384  1.63341
1.01522  1.11087  0.910369  0.815122  0.828311  0.422221  0.40822  0.460789  0.447495  0.469877  0.52653  1.24103  1.3503  1.35008  1.18515  1.29961
1.01378  0.947071  0.947699  0.73245  0.776067  0.412049  0.39403  0.416036  0.454421  0.461176  0.525386  1.26788  1.12778  1.04604  1.24437  1.0069
0.645827  0.692672  0.951841  0.840587  0.751082  0.406207  0.421118  0.459854  0.454582  0.455252  0.466177  1.03525  1.30564  1.20205  1.2062  1.03737
0.80543  0.8447  0.816315  0.772118  0.749947  0.374146  0.416439  0.446981  0.437038  0.43988  0.474636  1.13241  1.33367  1.17632  0.741903  0.52808
1.06779  0.932243  0.848532  0.917335  0.752219  0.454802  0.414747  0.440887  0.486636  0.470001  0.508139  1.17346  1.00056  0.976433  1.18304  1.10862
0.500122  0.960042  1.00457  0.808955  0.735945  0.468074  0.39013  0.45317  0.398542  0.488419  0.527882  1.22645  1.19049  1.09519  0.961602  1.04293
1.176  0.968019  0.882607  0.817932  0.811541  0.462308  0.414738  0.41329  0.475406  0.488341  0.496463  1.19139  1.08352  1.04461  1.31582  0.926918
1.0072  0.746147  0.840065  0.794228  0.775472  0.441412  0.414925  0.461483  0.503472  0.501747  0.476068  1.11643  1.07122  1.10876  0.949695  1.03346
0.692985  0.90779  0.936209  0.887806  0.735156  0.433515  0.435591  0.466873  0.530722  0.513069  0.539598  1.25916  1.08087  1.40414  1.48532  0.541414
0.622372  0.752429  0.826685  0.938859  0.860175  0.432992  0.43643  0.470447  0.449396  0.481814  0.473685  1.10895  1.00114  1.13085  1.1639  1.31736
1.09956  0.76557  0.848982  0.80066  0.718038  0.46008  0.436936  0.409606  0.483016  0.4413  0.5635  1.37332  1.21147  1.17733  1.01413  0.889243
1.14536  0.950959  0.756528  0.890852  0.76465  0.421981  0.390499  0.480083  0.468114  0.560117  0.51629  1.28786  1.22753  1.00392  0.830588  0.503203
1.03737  0.993836  0.716696  0.846584  0.753158  0.504902  0.432825  0.544695  0.470581  0.549268  0.518291  1.11325  1.15336  1.07199  0.79235  0.793544
0.927288  0.794654  1.03277  0.834167  0.735113  0.420434  0.462891  0.493807  0.526148  0.487066  0.533666  0.970863  1.15951  0.925533  0.792103  0.900116
0.93089  0.821661  1.04783  0.880694  0.869912  0.488731  0.496241  0.4925  0.505519  0.499763  0.522424  1.05971  1.17812  1.0772  0.801869  0.885632
1.08853  0.87366  1.03598  0.840056  0.841562  0.543995  0.459021  0.45544  0.517801  0.521095  0.533966  0.945269  1.09016  0.696094  0.858376  0.489386
0.618776  0.917395  0.972256  0.992166  0.912649  0.488656  0.471103  0.427428  0.483416  0.471725  0.515503  1.01724  1.27577  0.91149  0.735389  0.895246
0.867865  0.835256  0.922052  0.921711  0.823755  0.454136  0.488276  0.449885  0.451994  0.484002  0.465291  1.07816  1.01016  0.799974  0.811739  0.807801
0.94477  0.821183  0.984628  0.882822  0.798844  0.447655  0.433546  0.468943  0.480409  0.524991  0.463824  1.29101  1.21907  0.929999  0.801037  0.767497
0.801387  0.964619  0.977693  1.15135  0.814639  0.488242  0.50129  0.502724  0.464386  0.488417  0.573556  0.977413  1.1237  1.14259  0.883705  0.726288
1.45039  0.876065  0.995822  0.952919  0.820303  0.476944  0.497711  0.496969  0.504906  0.552958  0.524512  0.877797  1.2462  0.907399  0.715913  0.550308
0.786206  1.0109  0.845142  0.862271  0.87448  0.498373  0.4342  0.481583  0.48997  0.58633  0.524088  1.20432  0.998928  0.990981  0.437482  0.714191
0.900509  0.751222  0.841215  1.08207  0.799637  0.444626  0.461249  0.542801  0.496447  0.460578  0.647308  0.94881  1.05855  0.750873  0.784167  0.997893
1.10051  0.758913  0.708449  1.01634  0.811384  0.450328  0.53517  0.53804  0.538191  0.573011  0.503775  0.946309  1.03003  0.979259  0.621856  0.518078
0.724189  0.815997  0.973245  1.0427  0.904256  0.488997  0.490009  0.541102  0.636747  0.459507  0.530925  0.974213  1.00924  0.899372  0.837428  0.334414
0.985964  0.917331  0.746067  0.942133  0.804718  0.499694  0.547889  0.555703  0.537515  0.606754  0.533553  1.08397  0.921255  0.654544  0.474228  0.614019
1.00748  1.19235  0.811721  0.844445  0.827811  0.602231  0.498479  0.54064  0.543804  0.494518  0.557206  1.21755  0.968852  0.964474  0.814716  0.3397
0.873348  0.901246  0.877371  0.961688  0.79805  0.567345  0.522692  0.585899  0.543422  0.579906  0.568211  1.01241  1.01266  0.797505  0.950517  0.836461
0.509377  0.953817  0.955578  0.846761  0.887316  0.584717  0.479547  0.489176  0.489063  0.479977  0.546084  1.1284  1.07537  1.02282  0.73073  0.229909
0.548148  0.976233  1.03688  0.862314  0.80709  0.57814  0.523593  0.463729  0.515881  0.573192  0.624499  0.996451  0.984959  0.944749  0.620355  0.623112
1.06395  0.94918  0.876328  0.910853  0.943986  0.5565  0.621702  0.609626  0.557805  0.53519  0.501905  0.884513  0.848558  0.964739  0.76223  0.510085
0.576032  0.823754  0.824953  0.978298  0.764951  0.499045  0.535999  0.574482  0.552824  0.509277  0.555373  1.05589  0.993504  0.778183  0.465985  0.417929
0.63529  1.02289  0.881509  1.21023  0.850655  0.538542  0.557426  0.642048  0.499636  0.56105  0.554098  0.925424  0.950715  0.932127  0.625342  0.362164
1.24828  0.897177  1.11452  0.841098  0.89282  0.556705  0.511343  0.538751  0.621882  0.545474  0.56869  1.07884  0.852629  0.840556  0.910296  0.761843
1.0353  0.615117  0.817309  1.0227  0.828058  0.547878  0.656563  0.587404  0.538164  0.518159  0.577589  1.00714  0.948015  0.992631  0.844218  0.162059
0.878762  0.851111  1.03037  0.916538  0.885557  0.51371  0.544229  0.612599  0.505401  0.51805  0.55111  0.821503  0.844151  1.26086  0.914935  0.261526
0.716669  0.868767  0.985148  0.974826  0.890571  0.574478  0.553753  0.534376  0.536099  0.574095  0.551073  1.06383  1.19936  0.765836  0.597421  0.266964
0.711514  1.114  1.08966  0.98495  0.858672  0.583287  0.481097  0.553778  0.568254  0.551745  0.57619  0.967746  0.859885  0.734307  0.679628  0.531748
0.729712  0.934773  0.889021  1.18371  0.780913  0.493585  0.570682  0.547716  0.61629  0.638652  0.614246  1.00397  0.977614  0.932161  0.515595  0.268086
0.608765  0.835516  0.985122  0.99881  0.931335  0.610914  0.558681  0.62344  0.576472  0.592869  0.594594  0.890307  0.806889  0.726507  0.537616  0.804389
1.1358  0.807824  1.09279  0.987852  0.870365  0.535075  0.508175  0.595324  0.538921  0.561677  0.605176  0.966631  0.744313  0.833116  0.710932  0.681785
0.752432  0.834703  0.988989  0.986398  0.910349  0.59855  0.554058  0.678604  0.635199  0.597163  0.664039  0.907018  0.891965  0.807211  0.935248  0.471246
0.660881  0.885868  0.935011  0.907417  0.849247  0.687728  0.557624  0.575818  0.602614  0.591612  0.618607  0.991208  0.85061  0.730312  0.788346  0.433827
0.777049  1.01307  0.823331  0.998597  0.98091  0.582095  0.544149  0.650916  0.69658  0.568249  0.61964  0.968771  0.888126  0.684131  0.684592  0.851613
0.780712  1.15008  0.812895  0.967766  0.89401  0.627161  0.56757  0.680628  0.612478  0.593359  0.679182  1.07143  0.897282  0.663047  0.423436  0.393771
0.738032  0.708846  1.03424  1.07108  1.00559  0.552314  0.612354  0.659941  0.632771  0.541444  0.574919  1.08709  0.685306  0.573995  0.549479  0.513839
0.910721  1.1903  0.869763  0.905951  0.863943  0.570849  0.531154  0.573679  0.566753  0.610583  0.515943  0.955187  0.76938  0.835295  0.56357  0.27173
0.533681  0.785262  1.06412  1.12272  0.848175  0.635442  0.623206  0.609596  0.651221  0.615281  0.594466  0.989885  0.694361  0.677834  0.503564  0.467241
1.11874  1.04415  0.731342  0.943284  0.833794  0.515603  0.599046  0.620301  0.618356  0.624911  0.653684  0.740741  1.02202  0.609849  0.426731  0.498852
0.94226  0.780686  1.01186  0.925628  0.904997  0.573514  0.588566  0.645105  0.555147  0.613774  0.554564  0.879909  1.11447  0.685384  0.553942  0.567317
0.973816  0.976791  1.04084  0.82274  0.874934  0.635899  0.65829  0.529401  0.570086  0.61639  0.645472  0.801375  0.817539  0.778852  0.56105  0.402812
1.06964  0.726983  0.866839  0.849846  0.759607  0.698267  0.595669  0.669017  0.727727  0.638989  0.697706  0.787534  0.927124  0.798338  0.735555  0.186026
0.834559  0.938353  1.0498  0.945988  0.897223  0.569035  0.56126  0.613287  0.666499  0.723585  0.639902  1.11434  1.02081  0.750201  0.450446  0.724354
0.831047  0.991011  0.849347  0.927225  0.989042  0.637139  0.628105  0.609969  0.584428  0.683376  0.628829  0.994757  0.885857  0.61805  0.578791  0.78636
0.84506  1.0038  0.956415  0.937981  0.933193  0.601087  0.652458  0.606362  0.689257  0.577067  0.692861  0.883015  0.834408  0.643949  0.683625  0.384222
0.597311  0.99291  0.862318  1.00255  1.06277  0.686622  0.653951  0.767602  0.586733  0.601377  0.606417  0.830611  0.652454  0.307237  1.11323  0.493999
0.952799  0.982474  1.07147  1.15995  0.88727  0.585757  0.651703  0.616068  0.582937  0.633172  0.637069  0.898378  0.910751  0.731559  0.76819  0.0983873
0.583336  0.900349  1.1571  1.07765  1.03752  0.723068  0.672043  0.76083  0.59943  0.723182  0.609047  0.851983  0.78897  0.703961  0.558801  0.77557
0.93106  1.00411  0.962339  0.775694  1.07016  0.629759  0.565339  0.685878  0.72192  0.650782  0.620317  0.730522  0.821034  0.696837  0.325994  0.331081
0.590537  0.799799  0.958251  0.866032  0.886327  0.630466  0.654392  0.625426  0.65018  0.61761  0.668313  0.882243  0.836913  0.971292  0.518928  0.70492
0.861223  0.960901  1.19187  1.13244  1.00909  0.611582  0.536118  0.65743  0.562935  0.657365  0.611726  0.846739  0.873183  0.701412  0.793394  0.315975
0.951285  0.887147  0.973884  1.00948  0.961575  0.632888  0.68352  0.699781  0.640753  0.656999  0.621561  0.861828  0.655978  0.525777  0.428384  0.453632
0.977437  0.834983  0.998015  1.08999  0.883371  0.638165  0.650921  0.63286  0.650543  0.604627  0.61708  0.758231  0.798326  0.780533  0.502722  0.127484
0.949319  0.932658  1.04584  1.16346  0.942357  0.668034  0.629546  0.718169  0.695848  0.751434  0.649173  0.767879  0.903885  0.700131  0.512244  0.518756
0.84735  1.05962  0.943898  0.947477  1.03835  0.681214  0.688016  0.87177  0.688637  0.583039  0.655389  0.965092  0.794198  0.580196  0.745974  0.333115
0.898701  1.30381  0.957801  1.12838  0.96964  0.676734  0.634927  0.621829  0.786673  0.623258  0.68035  0.922517  0.59678  0.61332  0.903733  0.225766
0.935983  0.823372  0.896207  0.956451  0.850763  0.736912  0.663267  0.581178  0.652782  0.702587  0.568135  0.748435  0.740548  0.549891  0.706172  0.506172
0.756031  0.823324  0.907702  1.06711  1.0427  0.73436  0.636941  0.820608  0.638516  0.710987  0.715313  0.729887  0.675262  0.536566  0.75681  0.120083
1.0402  1.15246  1.09171  1.08783  0.995984  0.817829  0.726683  0.619028  0.720929  0.743712  0.659677  0.95012  0.98904  0.57703  0.474746  0.583616
1.15294  0.976127  1.2516  0.952183  0.946663  0.628196  0.594506  0.625772  0.627802  0.646129  0.617134  0.893158  0.90004  0.718253  0.592079  0.11282
1.46615  0.792156  1.13761  0.916986  1.07434  0.709788  0.601448  0.764562  0.641453  0.737361  0.676854  0.70696  0.609491  0.710403  0.569664  0.428129
0.805676  1.07099  0.971957  1.03796  0.86043  0.696837  0.63726  0.665691  0.694071  0.626457  0.668055  0.654838  0.771189  0.575575  0.692736  1.05903
1.1297  0.720136  1.14027  0.934139  1.11517  0.723946  0.634107  0.721858  0.725267  0.606348  0.648889  0.864733  0.863337  0.68757  0.366141  0.366469
0.953003  1.01392  1.07384  0.979497  1.15583  0.73941  0.705277  0.745983  0.692932  0.693795  0.658907  0.796459  0.752611  0.383165  0.535541  0.840374
1.05849  1.08736  0.954321  1.16424  0.893722  0.708376  0.780926  0.797383  0.585457  0.778164  0.661428  0.78527  0.723108  0.621164  0.461122  0.31599
0.967541  0.977923  1.01143  1.09638  0.943545  0.730186  0.773397  0.634188  0.630014  0.665505  0.689959  0.810819  0.833321  0.773188  0.477209  0.324233
0.760594  1.06943  1.0286  1.29694  1.01408  0.6865  0.698819  0.788509  0.723998  0.667115  0.77289  0.763556  0.741712  0.894549  0.433377  0.113455
0.801283  0.921416  0.91814  1.0517  0.913673  0.778288  0.601807  0.767115  0.581933  0.712216  0.776362  0.742818  0.608925  0.680892  0.28637  0.789679
0.594093  0.856828  1.03286  0.9578  0.953548  0.645028  0.71555  0.725505  0.667935  0.693958  0.723595  0.96108  0.707332  0.558575  0.11044  0.28934
1.01676  0.772149  1.30792  1.06141  1.03351  0.626943  0.657844  0.680852  0.786306  0.723278  0.661271  0.692737  0.629526  0.61306  0.257493  0.350039
0.709793  0.897485  1.02761  1.14646  0.971402  0.737769  0.665715  0.697779  0.74438  0.66463  0.729381  0.691762  0.674734  0.650363  0.574695  0.209588
0.801247  1.27205  0.952197  1.28115  1.07128  0.677713  0.691911  0.629959  0.775353  0.642682  0.706468  0.750129  0.560592  0.400609  0.432643  0.13156
1.34035  1.11053  0.881667  1.2886  1.12974  0.746703  0.737591  0.708964  0.789218  0.693171  0.795649  0.774995  0.648175  0.626874  0.499284  0.688359
0.684289  0.972734  0.96236  1.07623  1.01344  0.642135  0.582214  0.817222  0.756771  0.688896  0.700251  0.77742  0.859062  0.71035  0.446253  0.333059
1.32185  1.53101  1.27779  1.22685  0.916063  0.711436  0.70506  0.670926  0.71209  0.720729  0.552056  0.841481  0.620129  0.559051  0.426008  0.848489
0.918069  0.940835  1.11745  0.946306  1.00871  0.748678  0.758406  0.613174  0.729251  0.694642  0.622639  0.760183  0.876914  0.388999  0.588937  0.12978
1.17723  0.847867  0.974629  0.993855  1.08786  0.737909  0.816478  0.648127  0.648871  0.630581  0.712313  0.960039  0.738187  0.368444  0.470715  0.39979
0.960254  0.927933  1.26388  1.13137  0.999379  0.710074  0.773466  0.743518  0.761457  0.766527  0.73293  0.760161  0.738341  0.474912  0.351896  0.248809
0.887751  1.03597  0.983736  1.11671  0.983106  0.634883  0.627429  0.693383  0.713293  0.743558  0.676482  0.703628  0.651787  0.724851  0.289506  0.593294
0.731883  0.816996  1.13358  1.2615  1.02986  0.817571  0.824626  0.698589  0.735235  0.761095  0.891944  0.725863  0.664038  0.515221  0.0604853  1
0.887737  1.28517  1.13658  1.23167  1.00691  0.764032  0.73154  0.607708  0.66996  0.716489  0.626063  0.860634  0.561953  0.661414  0.790926  0.509766
0.747226  1.11563  1.17563  1.06432  0.973636  0.807443  0.734454  0.689738  0.709082  0.626523  0.653798  0.961873  0.57434  0.405102  1.03859  0.222008
0.775888  1.21717  1.08108  1.07585  1.06139  0.866942  0.892496  0.762425  0.767834  0.704814  0.664743  0.771154  0.719413  0.596671  0.428323  0.240104
1.32979  0.907898  1.46959  1.12922  1.27815  0.854783  0.815837  0.834699  0.731874  0.643928  0.686789  0.800849  0.655011  0.456315  0.436161  0.377692
0.643402  1.11389  1.1292  1.21362  0.93034  0.906517  0.772643  0.714974  0.744126  0.812822  0.663308  0.500805  0.647544  0.443063  0.601626  0.258051
1.25845  0.936658  0.904796  1.10962  1.04251  0.837088  0.752703  0.749897  0.681253  0.782554  0.719412  0.896332  0.62168  0.657501  0.292617  0.110409
0.960309  0.756511  1.19327  1.07342  1.02467  0.818804  0.714069  0.740899  0.787038  0.783605  0.786207  0.788869  0.722166  0.69898  0.263778  0.244328
0.87861  0.940937  1.17788  1.01052  1.12782  0.743154  0.785811  0.734232  0.750647  0.782679  0.764249  0.696196  0.561992  0.450529  0.34543  0.266455
0.734345  0.934536  1.00352  1.09718  1.31387  0.866431  0.78556  0.76752  0.750249  0.787713  0.694988  0.775194  0.65929  0.645749  0.416477  1
0.660148  1.16572  0.840589  1.13713  0.972557  0.767137  0.829289  0.774277  0.711854  0.774796  0.702864  0.673073  0.623784  0.461996  0.390417  0.728721
0.390948  0.724257  0.838294  1.15662  1.03148  0.998366  0.894415  0.717842  0.67177  0.731093  0.783718  0.688293  0.79557  0.720308  0.359006  0.513006
1.18738  1.12783  1.14268  1.04791  1.04057  0.893658  0.71346  0.87955  0.738678  0.793808  0.866823  0.743634  0.547327  0.497569  0.322515  0.242958
0.677881  1.01451  1.09951  1.12565  1.01217  0.891158  0.799492  0.797122  0.795557  0.871397  0.797194  0.791092  0.493011  0.381548  0.280333  0.7417
0.81378  0.728169  1.24744  1.16191  1.05397  0.71544  0.793808  0.799795  0.755401  0.778857  0.794379  0.67303  0.531942  0.500845  0.369337  0.394594
1.09894  1.04082  1.14073  1.05695  0.868822  1.00403  0.810701  0.830275  0.850028  0.680447  0.7163  0.724214  0.752434  0.408724  0.214161  0.733048
0.671495  1.10034  1.16864  1.23563  0.85396  0.762742  0.924847  0.826204  0.811186  0.752943  0.800923  0.738461  0.863472  0.460979  0.790593  0.254894
1.11971  0.918275  1.28522  1.23428  1.01528  0.783428  0.964694  0.789199  0.870301  0.72311  0.906854  0.70232  0.765983  0.462056  0.341763  0.697552
1.06062  1.00511  1.14391  1.16281  1.0267  0.812344  0.96516  0.804218  0.946521  0.810644  0.78998  0.809356  0.772579  0.30728  0.433385  1
0.393125  1.15647  1.05747  1.06694  1.13353  0.775847  0.808335  0.69106  0.832924  0.706511  0.780285  0.816555  0.650747  0.865462  0.411913  0.377688
1.16033  1.1122  0.860933  1.01341  1.17107  0.791306  0.739332  0.84409  0.717162  0.838493  0.78479  0.678383  0.493021  0.417354  0.117666  0.526064
0.636413  0.940019  1.07296  1.00497  0.983098  0.751945  0.848328  0.780644  0.728495  0.755804  0.804771  0.498527  0.625766  0.955195  0.484327  0.13322
0.917446  0.817555  0.97569  1.0757  1.13066  0.897456  0.821611  0.880085  0.833368  0.79926  1.00927  0.681966  0.523546  0.493122  0.105523  0.254898
0.395779  1.0757  1.2072  1.06763  1.34229  0.928328  0.910751  0.860963  0.915257  0.827912  0.885929  0.91509  0.494166  0.425219  0.240651  0.529333
0.728039  1.00279  1.21114  1.06457  0.937965  0.894144  0.94807  0.765262  0.962939  0.778941  0.921691  0.91982  0.607279  0.415156  0.161037  0.142359
0.750773  0.756506  1.12998  1.15101  1.0383  0.939559  0.894761  0.913952  0.992422  0.821843  0.988307  0.751385  0.575908  0.268449  0.468532  0.143382
0.756069  1.00563  1.13478  1.07976  1.18329  1.0152  0.882897  0.928622  1.00326  0.848557  0.910716  0.692836  0.565506  0.545104  0.473358  0.13323
0.542675  0.963581  1.25796  1.13475  0.977975  1.02904  1.02352  1.02835  0.818587  1.01018  0.996041  0.635127  0.631274  0.482769  0.262798  0.415698
0.772224  1.0342  0.989115  1.38902  0.983108  1.01051  0.900892  0.827653  0.715393  1.04086  0.883779  0.762008  0.519227  0.368416  0.50698  1
1.09205  0.825246  1.02063  1.1015  1.09408  0.896684  0.844879  0.750234  0.860394  0.883889  0.745201  0.669953  0.545286  0.433124  0.823718  0.29284
1.52385  0.918587  1.12273  1.0089  1.06319  0.783318  0.809664  0.909065  0.994846  0.799875  0.921932  0.765586  0.520882  0.264194  0.0677874  0.250259
0.578159  0.851057  0.773039  1.15966  0.979769  0.9695  0.894018  0.863216  0.806938  0.770222  0.955939  0.681641  0.556213  0.368434  0.274593  0.536391
0.730522  1.40351  1.21248  0.889452  1.15004  0.846974  1.00259  1.09312  0.86934  0.973585  0.809655  0.772368  0.415041  0.546363  0.522407  0.146464
1.31566  1.05908  0.967625  1.09992  1.29901  0.955799  0.924307  0.797286  0.753603  0.849267  0.777648  0.645836  0.674231  0.448019  0.44625  0.144397
0.670182  1.0149  0.942546  1.08583  1.0574  1.00919  0.884875  0.922752  0.935804  0.780977  0.955458  0.658995  0.627937  0.38798  0.361833  0.39209
1.18944  1.02285  1.09501  0.956985  0.966482  0.851105  0.938799  0.79265  1.04015  0.831065  0.809609  0.740216  0.640002  0.415855  0.324564  1
0.857553  1.07761  1.51481  1.08421  1.16848  0.738501  0.781139  0.841033  0.813912  0.953652  0.74901  0.669452  0.674152  0.39015  0.651268  1
0.72807  1.06291  1.05293  1.24181  1.12878  0.791352  1.01938  0.819487  0.870086  0.901482  0.819551  0.689653  0.547929  0.396847  0.190093  1
1.07714  1.24084  1.17475  0.988724  1.11928  1.08157  1.1043  0.911876  0.834977  0.830668  0.946024  0.708941  0.677893  0.418994  0.066514  0.769464
0.696519  1.033  1.31901  1.1564  1.06904  0.939725  0.990337  0.916314  0.945776  0.797936  0.879311  0.632621  0.40172  0.460524  0.475988  0.14854
1.42446  1.03905  0.874523  0.969864  1.09701  0.981974  0.956905  0.891261  0.895083  0.988522  0.847862  0.65424  0.602564  0.482889  0.425531  0.286783
0.498577  0.955554  1.2049  0.999818  1.16497  0.804789  0.787957  0.971936  0.725565  0.900635  0.790525  0.644402  0.505796  0.381594  0.0657099  0.611808
1.23832  0.978977  1.27038  0.95527  1.43879  0.894959  0.965546  0.897253  0.879686  0.813007  1.07276  0.64584  0.382987  0.327062  0.137282  0.47192
1.69184  0.846243  0.941217  1.09666  1.19134  0.87169  0.886793  1.05426  0.856537  0.842294  0.942888  0.788265  0.347643  0.540968  0.306005  0.151818
0.812885  0.933519  1.18688  1.11266  1.04484  0.875587  0.75293  0.897915  0.909315  0.937078  0.936601  0.629443  0.577617  0.127184  0.203319  0.389564
0.668608  1.15072  1.14663  1.13635  1.06109  1.04352  1.00651  0.946853  0.853817  0.899241  0.906922  0.675522  0.568283  0.395702  0.155188  1
1.56009  1.37633  1.23787  1.08099  0.988126  1.07009  1.0118  0.861836  0.944431  0.924096  0.98484  0.788983  0.612797  0.491231  0.208613  0.134956
1.14087  1.05481  1.06562  1.33004  1.19256  0.918219  0.879642  0.978846  0.936227  0.927965  0.886629  0.730442  0.630601  0.346889  0.493191  1
0.561627  1.14315  1.24389  1.10031  0.967148  1.03019  1.14849  0.969954  0.981759  0.96276  1.00876  0.565804  0.614832  0.467444  0.297482  0.151848
0.824777  0.669193  1.12977  1.15134  0.950637  0.862077  1.07358  1.04292  0.971726  0.859416  0.94032  0.582059  0.487793  0.440298  0.50996  0.133215
0.799067  0.907792  1.06285  1.02162  0.87677  0.797499  0.949651  0.9075  0.967202  0.914945  0.78492  0.812267  0.384966  0.388517  0.371862  0.288772
0.712216  0.840537  0.997968  1.01427  1.29902  0.947141  1.14768  0.849259  1.01389  0.827505  0.849672  0.720387  0.535618  0.33012  0.37185  0.308211
0.631834  1.27228  1.15266  1.24474  1.27147  0.974424  1.06038  0.96643  1.0233  0.877623  0.905866  0.679482  0.504912  0.388527  1  0.581635
0.361332  0.742231  1.15045  0.995386  1.13028  1.05081  1.03858  0.962001  1.08183  0.842935  0.893656  0.79935  0.397158  0.281153  0.0677872  0.145431
1.3156  0.856399  1.09429  0.990511  1.25571  0.900674  1.19766  0.908327  0.84385  0.937374  0.904039  0.682417  0.624382  0.513661  0.581144  0.280901
0.750784  1.03573  1.05589  0.991374  1.17697  1.06789  0.914581  0.968248  0.954199  0.883486  0.970785  0.782909  0.508418  0.401402  0.437121  0.146427
0.859978  0.731097  1.04366  1.05666  1.1472  0.945504  0.956231  1.12857  0.966217  0.90545  0.9575  0.912186  0.685495  0.70616  0.202058  0.184354
0.80083  1.34629  1.01579  1.13572  1.04117  0.894283  1.00222  1.08395  0.897607  0.943862  1.12864  0.65659  0.565611  0.495307  0.0811198  0.45548
1.04726  0.82251  0.874674  1.12428  1.1913  1.05326  1.17223  1.02634  1.05169  0.912974  1.06397  0.622427  0.533651  0.326229  0.349985  1
0.581921  0.975026  1.04786  1.06763  1.09705  1.10023  1.08177  1.19144  0.897269  1.03329  1.17702  0.641373  0.581057  0.499596  1  0.452141
0.582435  1.27655  1.14314  1.12648  1.29255  0.900763  1.15925  0.962191  1.02611  0.911773  1.00271  0.617896  0.623354  0.462972  0.399615  0.150715
0.578163  0.825274  1.0194  1.47445  1.03223  0.997439  0.893883  0.793362  0.896294  1.01703  0.956192  0.772407  0.408188  0.439524  0.0733552  0.770491
0.614294  0.994837  1.00607  1.39643  1.076  1.03657  1.07507  1.03117  1.2054  1.03781  0.881077  0.900683  0.581053  0.452721  0.389434  1
1.08344  1.44777  1.05105  1.17925  1.099  1.05198  0.932256  1.00105  1.23038  1.16469  0.950559  0.687776  0.451931  0.470374  0.129034  0.28879
0.634098  0.621769  0.761856  1.31657  1.04343  0.94294  1.07502  0.918507  0.95978  0.863826  0.969994  0.665698  0.513004  0.597977  0.223107  0.259711
1.54329  0.988073  0.967252  1.2453  1.09284  1.10884  1.29034  0.943916  0.868595  0.937662  1.00012  0.638315  0.396428  0.376205  0.145715  0.140459
0.92588  1.13474  1.0829  1.13517  1.23927  1.04419  1.21255  1.04616  0.892864  0.894591  0.904486  0.969195  0.562782  0.358304  0.364265  0.120742
0.624025  0.932649  0.878652  1.0702  1.05262  0.918897  1.14028  1.18273  0.86779  0.9306  0.993727  0.795942  0.421047  0.267106  0.0805204  0.150727
0.936079  0.894993  0.82485  0.9624  1.24681  1.02083  1.16468  0.997162  0.933747  0.960927  1.00489  0.545388  0.501558  0.294967  0.437121  1
0.982839  1.1429  0.848882  1.01747  1.16938  1.02496  1.14076  0.940293  0.995673  0.922637  0.880744  0.682768  0.458043  0.4539  0.129033  0.147491
0.806834  1.19958  1.44772  1.45098  0.975019  1.20899  1.07231  1.18866  1.11813  0.828994  0.981985  0.48822  0.545843  0.329309  0.421623  0.144383
0.893493  0.907789  1.03207  1.27175  1.28028  1.12373  1.23539  1.28533  0.914821  1.16549  1.00559  0.740769  0.485407  0.524387  0.38249  1
1.3924  1.00505  1.19438  1.11416  1.15877  1.01237  0.93467  1.07142  1.09085  1.08688  1.13823  0.74288  0.411881  0.461666  0.47249  0.327753
0.975884  0.849029  1.54555  1.10163  1.27158  1.06275  1.25176  0.919108  0.971096  1.02293  0.923095  0.571931  0.438874  0.302387  0.245258  1
0.974768  1.20565  1.21811  1.13179  1.03921  1.08307  0.958514  1.22622  1.12534  1.09649  1.20205  0.614491  0.446792  0.527178  0.401608  0.132353
0.885459  1.20262  0.881122  1.06194  1.14565  1.14507  1.02608  1.02407  1.00414  0.966162  0.865639  0.763209  0.56796  0.324859  0.137299  0.349964
1.05595  0.928424  0.939942  1.32449  1.32668  1.15537  1.14972  0.921291  0.923191  0.938562  1.0616  0.75298  0.539144  0.5666  0.232811  0.671483
0.893501  0.735185  1.27189  1.39198  1.20081  1.15908  1.07444  1.0076  1.10946  1.04867  1.04888  0.74612  0.647279  0.439082  0.551234  0.308177
1.20845  1.20842  1.10431  1.15819  0.963932  0.97796  1.26071  1.03733  1.12688  1.16901  0.982139  0.716907  0.552674  0.428928  0.168653  0.157615
1.05306  1.15118  0.936934  1.22628  1.07464  1.29137  1.14967  1.12971  1.13101  1.03272  0.994172  0.836581  0.432062  0.29514  0.269419  0.569578
1.13069  0.901118  1.04581  1.14066  1.19345  0.911062  1.27451  1.32729  0.990861  1.27721  1.03318  0.609611  0.451928  0.318931  0.178497  0.149621
1.35842  0.679293  1.3033  1.01568  1.17162  1.22822  0.959009  0.977225  1.04203  0.977094  0.923134  0.738396  0.468669  0.203901  0.352283  0.286777
1.22857  0.864561  0.977021  1.05791  1.11752  1.14862  1.23877  1.61525  1.01548  1.06465  1.00631  0.622971  0.384622  0.654128  0.303823  0.448881
1.09206  1.82301  1.08114  1.09768  1.25872  1.20596  1.10588  1.12223  1.13455  1.07511  1.00202  0.603648  0.435785  0.432083  0.147722  0.179544
0.975358  0.88471  0.904413  1.02493  1.34235  1.11278  1.13477  1.19963  1.15881  1.10955  1.17158  0.70301  0.578688  0.403173  0.382492  1
0.672032  0.961634  1.10011  1.30258  1.22735  1.24744  1.09245  1.3583  1.23977  1.10517  1.12248  0.684509  0.530523  0.384629  0.195912  1
0.675245  1.08452  1.22964  1.19313  1.19273  1.06559  1.0302  1.00776  0.989968  1.13973  0.961467  0.551988  0.542314  0.320528  0.0939416  1
1.14667  1.26248  0.948382  1.2092  1.18151  1.16845  0.913181  1.0282  1.0948  0.988138  1.01837  0.717359  0.451927  0.141512  0.310426  0.34997
1.31633  0.892904  1.04136  1.06675  1.02347  1.40046  1.03958  1.17192  1.1297  1.04366  1.2697  0.583851  0.435188  0.279326  0.0754209  0.338491
0.598262  0.853187  1.07954  1.42187  1.11993  1.05437  1.01253  1.00371  0.830605  1.05155  1.00302  0.762826  0.832686  0.519368  0.0709249  0.212865
1.08346  0.800988  1.05763  1.30331  1.21367  1.11286  1.12097  1.4113  1.07117  1.43301  0.978748  0.553345  0.56168  0.188104  0.164765  0.480186
0.936054  0.97503  1.16014  1.32848  1.13497  1.17122  1.13324  1.00529  1.01077  1.23835  1.05185  0.620088  0.497388  0.401662  0.438917  0.163872
0.956762  0.719967  1.06439  1.32307  0.94272  1.37283  1.14243  1.27669  1.0313  0.877017  1.2123  0.682946  0.401119  0.233718  0.239764  0.149622
0.504027  1.06381  0.875876  1.04305  1.13497  0.928378  1.1477  1.00259  1.24032  1.10455  0.958791  0.76543  0.573177  0.390885  0.465633  1
0.728044  0.609707  1.00454  0.839976  1.21368  1.21274  1.15707  1.06616  1.15841  1.04262  1.00237  0.614827  0.488713  0.52718  0.166041  0.140462
1.50527  0.990314  1.25677  0.878843  1.00933  1.31473  1.10779  1.25455  1.06417  1.09893  0.980608  0.731394  0.727493  0.246017  0.0743717  0.172066
0.958886  0.942702  1.07319  1.10099  1.20591  1.25593  1.32618  1.0288  1.40299  1.15787  1.03089  0.512077  0.568292  0.241255  0.54324  1
0.819049  1.0048  1.35091  0.911169  1.08157  1.25689  1.26726  1.29838  1.11395  0.990382  1.01387  0.55577  0.523613  0.520334  0.339987  0.38237
0.804156  0.944097  1.07852  1.05885  1.07343  1.08002  1.32189  1.10062  1.05835  1.18663  1.10156  0.813012  0.574637  0.247646  0.125258  0.53864
0.642991  0.730037  0.914806  0.98461  1.20241  1.10071  1.33404  1.1357  1.0218  1.29263  1.02974  0.656244  0.415884  0.172326  0.379772  0.18943
0.792626  1.25869  0.983401  1.1769  1.14514  1.08404  1.22861  1.15417  0.994225  1.04868  1.16374  0.663151  0.557698  0.373573  0.0799223  0.170644
0.707658  0.929229  0.988556  1.15104  1.19509  1.26056  1.07042  1.22975  1.32136  1.1722  1.12307  0.766088  0.448676  0.346889  0.157494  0.362243
0.79691  0.799108  1.00209  1.00483  1.19801  1.23387  1.28928  1.24587  1.21349  1.13835  1.0003  0.712641  0.480774  0.381578  0.0964827  0.174983
0.648038  0.982306  1.23829  1.13881  1.25853  1.08717  1.31769  1.14688  1.34752  1.15657  1.18281  0.737912  0.717767  0.538351  0.237991  0.397074
0.844643  0.66338  1.15526  1.33655  1.2943  1.21071  1.49412  1.23669  1.26586  1.03502  0.994888  0.639549  0.451926  0.404703  0.261208  0.162582
0.589716  1.10706  1.12272  1.28183  1.45005  1.0727  1.28371  1.12739  1.16705  1.35105  1.05176  0.606894  0.483591  0.304295  0.522418  1
0.825936  1.22774  0.813564  1.21901  1.1184  1.22555  1.26229  1.39773  1.26541  1.09528  0.988995  0.633458  0.6327  0.11698  0.261208  0.347022
0.982857  0.716672  0.955828  1.09588  1.09148  1.26145  0.909434  1.14653  1.0018  0.950623  1.03733  0.556206  0.596159  0.200832  1  0.325161
0.655242  0.997187  1.34056  1.16576  1.07252  1.2779  1.22418  1.29032  1.20943  1.0704  1.19336  0.654859  0.578202  0.338584  0.465635  0.15883
0.578154  1.06381  1.27495  1.25464  1.08702  1.05162  1.3599  1.03813  1.19178  1.12736  1.22612  0.561968  0.554188  0.237427  0.163502  1
1.28597  0.986716  0.76407  1.20109  1.09468  1.10202  1.28117  1.31534  1.0066  1.14187  1.07149  0.645991  0.42702  0.384325  0.159844  0.341287
0.619822  0.970154  1.23011  0.959406  1.13893  1.18838  1.44949  1.10605  1.28434  1.06794  1.35162  0.753361  0.301285  0.244409  0.329526  1
0.831645  1.3139  1.29398  1.09046  1.13741  1.38355  1.35333  1.16313  1.3112  0.917117  1.04875  0.697897  0.553018  0.300961  0.172736  0.237339
0.389251  0.877274  1.14026  1.02554  1.20105  1.25284  1.11695  1.26921  1.34731  1.00062  0.918026  0.639546  0.730777  0.353198  0.329527  1
1.19412  0.953831  0.965333  1.08098  1.37471  1.32864  1.29729  1.29685  1.28733  1.19867  1.05176  0.622968  0.228898  0.36842  0.281834  0.382365
1.22856  0.970149  1.08817  1.03655  1.14417  1.30679  1.22181  1.26567  1.2969  1.09967  1.20341  0.53333  0.443999  0.279064  0.224675  1
1.16085  0.935506  1.00596  1.25446  1.42085  1.2107  1.38967  1.21913  1.16016  1.18325  1.09633  0.683352  0.461969  0.452022  0.342703  1
1.03459  1.21037  1.11328  1.2547  1.23782  1.39204  1.26177  1.3055  1.151  1.26379  1.29042  0.61732  0.395436  0.682823  0.385925  0.165186
0.864913  0.815589  0.98133  1.00499  1.10075  1.33386  1.27921  1.11509  1.28668  1.12484  1.24206  0.608241  0.441883  0.28876  0.232816  1
1.26007  1.14395  1.22296  1.35361  1.29677  1.50346  1.27572  1.08884  1.3651  1.24787  1.05178  0.644302  0.608718  0.322371  0.77109  1
1.18622  1.0605  1.05143  1.12218  1.17331  1.36923  1.19957  1.41721  1.10706  1.14896  1.24405  0.823495  0.566592  0.441821  0.421652  0.400945
0.74885  1.18241  0.880897  0.972713  1.04147  1.27917  1.34136  1.22764  1.21489  1.31096  1.06655  0.678705  0.507199  0.244674  0.154096  0.208564
0.982853  1.06566  1.19352  1.15559  1.15066  1.20576  1.18714  1.13146  1.22062  1.01745  1.46876  0.632264  0.570856  0.644727  0.156341  1
0.825934  0.624609  0.918592  1.51901  1.02129  1.26023  1.05966  1.15837  1.39404  1.03664  1.1745  0.618317  0.451928  0.336219  0.229488  1
0.459286  1.23457  0.880563  1.13528  1.34947  1.42886  1.46551  1.81775  1.34469  1.34906  1.16643  0.698098  0.628765  0.378868  0.177014  0.338493
1.50438  1.01315  1.48995  1.24046  1.30388  1.30677  1.32692  1.46242  1.44551  1.19749  1.3765  0.632264  0.411411  0.428926  0.0915379  0.355996
0.351026  0.756483  0.882814  1.18559  1.22792  1.41534  1.25102  1.16128  1.38855  1.20591  1.34032  0.633457  0.31668  0.555575  0.239764  0.362252
0.756045  0.929241  0.98014  1.35912  1.28161  1.21745  1.4561  1.25311  1.3486  1.25594  1.0529  0.648745  0.407624  0.1766  0.161043  1
0.911932  1.20263  0.789406  1.18057  1.47374  1.30706  1.30289  1.51064  1.15044  1.40944  1.04304  0.550678  0.464305  0.400646  1  0.385943
0.875788  1.34314  0.994161  1.03071  1.2863  1.28742  1.37584  1.29139  0.984294  1.19354  1.12898  0.578681  0.322356  0.516985  1  0.589933
0.84548  0.814691  0.842034  1.19116  1.19242  1.27092  1.50761  1.30951  1.14069  1.35584  1.18124  0.659462  0.634618  0.341888  0.354032  0.208563
0.637028  0.659505  0.997984  1.24047  1.4486  1.21772  1.21748  1.25316  1.53303  1.3565  1.03922  0.619252  0.305822  0.207053  0.0915327  0.208575
0.572549  1.15789  0.908463  1.15593  1.11152  1.25521  1.33539  1.16126  1.33063  1.09718  1.26885  0.741608  0.530942  0.259679  0.372504  0.19478
0.945052  1.06317  1.06839  1.18463  1.25746  1.30312  1.30373  1.27991  1.75001  1.4059  1.16385  0.592998  0.44853  0.260591  0.382489  0.202421
0.756036  0.972623  0.979211  1.06868  1.22648  1.38475  1.37384  1.30461  1.4382  1.19172  1.20273  0.77341  0.380964  0.0868675  0.187883  1
0.670128  1.38687  1.19757  0.896914  1.1373  1.45181  1.81931  1.64706  1.3609  1.38259  1.38528  0.504063  0.750902  0.719131  0.385947  0.206479
1.16612  0.756495  1.47179  1.06657  1.18272  1.58213  1.50179  1.64293  1.30668  1.29405  1.63519  0.663827  0.44547  0.410926  0.152996  0.365455
0.796926  1.13472  1.22151  0.93042  1.32263  1.49209  1.28726  1.30454  1.36373  1.35874  1.25856  0.592196  0.723094  0.226358  0.263347  0.204427
0.731908  0.921968  1.09441  1.10869  1.05627  1.40407  1.37557  1.27451  1.23717  1.18955  1.36014  0.584727  0.412629  0.215116  0.092318  1
0.85056  0.921975  0.776613  1.06437  0.995301  1.23332  1.53615  1.48232  1.3337  1.21135  1.56198  0.776525  0.406738  0.441835  0.482396  0.55304
0.672033  0.706887  1.02423  1.35249  1.24756  1.44781  1.29782  1.33742  1.33848  1.20795  1.52057  0.544492  0.582467  0.546817  0.0849904  0.417138
0.982878  1.05556  0.995812  1.3093  1.21986  1.1924  1.18116  1.50654  1.48404  1.19791  1.59326  0.64336  0.534938  0.421753  0.609491  0.226916
0.385445  0.658877  0.825523  1.01316  1.19495  1.52294  1.53908  1.31499  1.6618  1.52675  1.46624  0.76479  0.502132  0.569231  0.428379  0.182732
1.25468  0.643575  1.05856  0.805982  1.2155  1.38337  1.37411  1.70385  1.36684  1.32434  1.18837  0.666495  0.524819  0.333891  0.101031  0.182725
1.05303  0.915399  1.35961  1.28687  1.12458  1.34494  1.9338  1.45296  1.33621  1.20578  1.05712  0.693124  0.425336  0.452718  0.265529  1
1.08118  1.12393  0.850524  1.11793  1.05214  1.20485  1.38151  1.20825  1.33811  1.18887  1.30952  0.50077  0.445736  0.628496  1  0.167883
0.46804  1.31627  1.02594  1.25113  1.42346  1.63074  1.43924  1.49314  1.3712  1.31129  1.34924  0.523568  0.276339  0.333884  0.218564  0.400946
1.35563  1.09559  0.97982  1.16203  1.31012  1.52789  1.4917  1.59449  1.4238  1.1814  1.32569  0.88328  0.542317  0.584278  0.194719  1
0.297826  0.957743  0.817979  1.40127  1.27742  1.19281  1.55078  1.41615  1.47001  1.27453  1.21892  0.651561  0.343716  0.264905  0.0899972  0.204418
0.695827  0.871479  1.02594  0.856766  1.13074  1.60919  1.61601  1.50189  1.27903  1.0909  1.39698  0.609284  0.369763  0.371628  0.187883  1
0.694944  0.750238  1.05883  1.1369  1.10691  1.43682  1.19567  1.36947  1.32216  1.32616  1.40078  0.718074  0.655297  0.547892  0.286877  1
1.0029  1.21578  1.11297  1.26525  1.17324  1.37393  2.02491  1.66471  1.2364  1.40708  1.23351  0.599158  0.561011  0.476965  0.191242  0.4916
0.631193  0.940483  1.05438  1.14343  1.3867  1.68667  1.61153  1.23747  1.21766  1.21692  1.18681  0.542515  0.312126  0.256431  0.0923205  1
1.09207  0.99428  1.27725  1.15144  1.14701  1.31119  1.86877  1.3769  1.19965  1.44662  1.19263  0.635489  0.605053  0.192165  0.205976  0.194782
0.945055  0.848384  0.788476  1.23036  1.19768  1.77329  1.58503  1.50897  1.97939  1.27942  1.70578  0.634546  0.459592  0.554366  1  0.240107
0.595675  0.962798  0.905425  1.1132  1.13705  1.31696  1.69853  1.64209  1.74143  1.37565  1.33275  0.758325  0.554187  0.622371  0.649072  0.208571
0.455034  0.785567  1.18459  1.02532  1.34122  1.46547  1.45123  1.73198  1.30161  1.49514  1.53535  0.787094  0.460446  0.390888  0.17701  1
0.6445  1.13474  1.21998  0.953798  1.11152  1.1376  1.44381  1.29653  1.47578  1.26321  1.35305  0.462513  0.510612  0.427364  0.111547  0.200465
0.294863  0.840536  1.01044  0.982693  1.378  1.38945  1.36433  1.60352  1.56206  1.39431  1.45289  0.747041  0.357787  0.529372  0.408001  1
0.782808  0.785575  1.01045  1.16976  1.55183  1.55905  1.40214  1.46124  1.50409  1.55157  1.41039  0.584127  0.701266  0.398664  0.535508  0.439313
0.487376  1.03609  1.35142  1.10016  1.16745  1.57065  1.53355  1.64031  1.69583  1.32959  1.41422  0.657815  0.45889  0.136975  0.0793342  0.198555
0.903808  1.08935  0.64156  0.791404  1.42874  1.42076  1.24852  1.19327  1.69406  1.38269  1.44431  0.760144  0.468914  0.418969  0.207928  0.372032
0.694937  0.598898  1.22864  1.09622  1.35494  1.3103  1.46367  1.41142  1.54967  2.01026  1.01925  0.694052  0.519715  0.410925  0.196509  0.198519
0.506618  0.878487  1.43708  1.0919  1.24739  1.65392  1.6184  1.45298  1.45249  1.53513  1.32066  0.928987  0.537197  0.401662  0.10296  0.192989
0.601759  0.931056  0.965141  1.28115  1.26236  1.52871  1.56032  1.46195  1.57005  1.54395  1.22439  0.828364  0.360286  0.326246  0.465635  1
0.630028  1.13474  0.90572  0.928956  1.23233  1.90847  1.796  1.30439  1.5286  1.16001  1.33904  0.628087  0.712375  0.730543  1  0.222001
1.16157  0.64839  1.10234  1.12668  1.0415  1.28687  1.61544  1.56569  1.67172  1.51488  1.49296  0.749607  0.20699  0.526119  0.192957  1
0.724198  0.749904  1.18059  0.96673  1.40249  1.57469  1.66093  1.41043  1.59494  1.56901  1.36171  0.651877  0.729155  0.466371  0.189538  1
0.982833  0.96163  0.915457  0.953253  1.35017  1.5985  1.6446  1.45894  1.42988  1.55452  1.49708  0.729481  0.472646  0.264906  0.337305  0.50984
0.951176  1.22014  1.32083  1.146  1.20084  1.64496  2.00164  1.57419  1.70743  1.34274  1.28594  0.77842  0.771187  0.616397  0.415902  0.177991
0.81061  0.730838  1.05257  1.22291  1.3273  1.59763  2.02569  1.93512  1.26385  1.13373  1.40492  0.79182  0.406739  0.449318  0.198328  1
0.973083  1.32959  1.20151  1.34121  1.31278  1.69248  1.612  2.26367  1.39037  1.49816  1.42087  0.857307  0.516496  0.365265  0.246206  0.261343
0.836452  0.776914  1.00857  0.982712  1.54331  1.67116  1.60298  1.64058  1.25108  1.61584  1.51646  0.765646  0.739529  0.240628  0.0991714  1
0.585005  0.924588  1.14174  1.04858  1.27781  1.66768  1.46959  1.30203  1.30146  1.53088  1.52883  0.696066  0.593949  0.343086  0.505197  1
0.491458  0.966641  1.18308  1.04578  1.20518  1.66802  1.57538  1.72879  1.61798  1.4626  1.81291  0.809552  0.577875  0.343075  1  0.485844
0.770866  0.972634  0.821504  1.2107  1.42169  1.66358  1.55493  1.34088  1.7506  1.42984  1.48704  0.805581  0.458581  0.147033  0.205942  0.212859
0.728046  1.05449  1.1628  1.1395  1.3524  1.531  1.83201  1.5063  1.7131  1.49368  1.47723  0.785902  0.621912  0.378209  0.191253  0.200451
1.15012  1.26669  1.08262  1.03773  1.26752  1.6981  1.61411  1.63736  1.54126  1.48587  1.45218  0.775354  0.458296  0.397347  1  0.558038
0.786284  0.605198  0.829385  1.29258  1.27742  1.7623  1.76583  1.4085  1.28295  1.3254  1.5057  0.819008  0.615241  0.165651  0.303095  1
0.954234  0.716661  0.666606  0.900832  1.12616  1.60382  2.16766  2.07318  1.50031  1.47649  1.36748  0.558707  0.51425  0.29215  0.341796  0.192986
0.592106  0.584226  1.15305  0.943722  1.14387  1.59036  1.53935  1.82702  1.8867  1.48757  1.58333  0.54022  0.439694  0.392042  0.0939478  1
1.2719  1.09733  0.768699  0.936135  1.30785  1.98074  1.99834  1.95633  1.42534  1.59397  1.66901  0.82515  0.677873  0.704438  0.192951  0.764725
1.01675  0.572488  0.921186  1.18055  1.1897  1.49653  1.72263  1.84178  1.37038  1.76078  1.84021  0.587922  0.736014  0.320527  0.33466  1
0.893525  1.21033  1.18059  1.21334  1.25731  1.69764  1.69512  1.90839  1.59416  1.46155  1.44521  0.718636  0.615008  0.278711  0.184647  1
0.941077  1.18777  0.879457  1.2371  1.34891  1.80529  1.99918  1.40985  1.84446  1.67917  1.41737  0.659634  0.551501  0.283306  0.214181  0.217352
0.373242  1.18202  0.970985  1.14496  1.40289  1.58633  1.91041  1.58139  1.43031  1.58914  1.18452  0.800166  0.620443  0.718257  1  0.232009
0.790807  0.795501  0.979396  1.37268  1.27338  1.58633  1.59579  1.55998  1.53906  1.40609  1.45826  0.750153  0.66462  0.353208  0.41194  1
0.826671  1.38947  1.37623  1.13434  1.19888  1.47058  1.9604  1.49471  1.61239  1.88375  1.46556  0.712649  0.60775  0.10274  0.214195  1
0.63703  0.99538  1.01681  1.35947  1.19262  1.75146  2.34052  1.77251  1.51385  1.57394  1.04535  0.963768  0.579386  0.300127  0.205948  0.237357
0.99392  1.56027  0.868509  0.900801  1.10907  1.74673  1.56612  1.50931  1.40323  1.53268  1.77246  0.700572  0.390849  0.512839  1  1
0.685779  1.12432  1.18439  1.14645  1.18696  1.78751  1.92859  1.80541  1.65577  1.7341  1.50992  0.72328  0.644328  0.203513  0.230305  0.474634
1.09204  1.23017  1.21303  1.09911  1.23387  1.92494  1.84522  1.82284  1.27959  1.58735  1.6107  0.70094  0.478521  0.365283  0.120316  0.680688
0.710441  1.11061  1.53769  1.08669  1.10176  1.68853  1.81222  1.96359  1.43086  1.56536  1.57498  0.694671  0.33647  0.344662  0.23535  1
0.747863  1.28945  1.36792  0.937204  1.15569  1.86123  1.59854  1.57936  1.63414  1.77634  1.53827  0.679247  0.688325  0.502268  0.100101  0.206501
0.941026  0.661024  0.847315  1.23942  1.19266  1.5996  1.69284  1.56827  1.85478  1.30413  1.61937  0.663145  0.588348  0.215393  0.112726  0.245787
0.630028  0.622973  0.997979  1.04305  1.30147  1.86223  1.53391  1.81915  1.72357  1.60305  1.43737  0.595818  0.4093  0.56232  0.216374  0.242919
1.16779  1.04746  0.779392  1.06489  1.34891  1.78348  1.65988  1.61013  1.58433  1.46619  1.50722  0.624945  0.656496  0.234296  0.205961  0.212829
0.972074  0.734879  1.10151  0.92018  1.3352  1.57424  1.94581  1.6483  1.74155  1.58912  1.94819  0.855157  0.642206  0.712267  0.475981  0.229391
1.04064  0.862399  1.16354  1.13311  1.251  1.72908  2.0087  1.68201  1.68759  1.6385  1.69479  0.603406  0.440914  0.245605  0.101029  1
0.463599  1.014  0.780207  1.0396  1.02159  1.8195  1.82701  1.9612  1.69381  1.88574  1.6487  0.64016  0.568549  0.185487  0.200205  1
0.584998  0.756481  1.32479  0.973281  1.54592  1.37457  2.07831  2.11341  2.18031  1.62457  1.53634  0.570118  0.565723  0.343059  0.210002  0.27533
0.558423  0.782549  1.2831  1.24963  1.19195  1.77921  1.76656  1.74344  1.75109  1.81484  1.69836  0.882306  0.532595  0.100804  1  1
0.638233  0.683279  0.871056  1.11783  1.49434  1.65293  1.97171  1.85723  1.88864  1.46196  2.07849  0.58066  0.459215  0.427362  0.331203  1
0.646606  0.889075  1.12271  1.04095  1.26753  1.82433  1.76091  1.88422  2.11225  1.69337  1.40248  0.609096  0.566967  0.427364  0.363075  0.434714
1.12327  1.1083  1.19008  1.07155  1.21287  1.50734  1.92524  1.89277  1.90733  1.61055  1.69252  0.768405  0.497116  0.462311  0.292082  0.48014
1.03458  0.642304  1.08938  1.39717  1.14732  2.14717  2.03322  1.75842  2.00227  1.8815  1.68421  0.623567  0.796061  0.46677  0.207957  0.204425
0.641014  0.943737  1.12269  1.00093  1.17552  2.83685  1.63303  1.68402  1.60156  1.91457  1.62888  0.587524  0.43311  0.213685  0.492406  1
0.681193  1.04021  1.15678  1.03683  1.05474  1.87698  1.83127  1.84314  1.70833  1.93874  1.62605  0.557266  0.415279  0.163526  0.220825  0.20444
0.687985  0.780878  1.04786  0.979514  1.04569  1.84988  1.73423  1.8189  1.5464  1.73329  1.5444  0.972381  0.782749  0.534209  0.422745  0.217363
0.72804  0.931079  1.2152  1.2794  1.13972  2.07857  1.82441  1.65538  1.68808  1.7753  1.39645  1.02937  0.57788  0.738824  1  0.47469
1.20129  0.895833  0.951846  0.906701  1.32921  1.93047  1.82812  2.49671  1.60965  1.65133  1.4658  0.587615  0.726801  0.34624  0.189559  0.215097
0.64802  1.00341  0.689376  0.993597  1.49123  2.24444  2.13858  1.97697  1.84355  1.93146  1.87006  0.532915  0.434672  0.449331  0.178483  0.261341
0.473681  0.624088  1.13477  1.24959  1.39428  1.73117  2.68486  1.97161  1.89511  1.86602  1.81738  0.96054  0.751749  0.798237  0.218546  1
0.378025  0.67874  1.57183  1.07239  1.49122  1.52309  2.88353  1.52031  1.88849  1.4238  2.03048  0.869087  0.690684  0.308225  0.698463  0.448817
0.511872  1.0375  1.33589  1.06884  1.37212  1.80963  1.83917  1.75981  1.88113  1.9763  1.74379  0.641378  0.488066  0.645764  0.586872  1
0.819049  0.730422  1.1118  1.20108  1.19149  2.015  1.98856  2.02204  2.24944  1.51403  1.62802  0.809819  0.479928  0.269807  0.202061  0.737445
1.14282  0.889075  0.842047  1.16014  1.26751  1.75742  1.76859  2.03308  1.92578  1.5357  1.97207  0.699929  0.475708  0.628448  0.24908  0.237346
0.595721  0.857331  1.21101  1.33603  1.22075  2.15125  1.88797  1.78761  1.89847  1.85233  1.53343  0.71919  0.451925  0.518644  0.107109  0.425725
0.951133  0.776374  1.00042  1.24866  1.33723  1.5844  2.01178  1.88954  2.18174  1.91725  1.36589  0.750822  0.634619  0.31961  0.452567  0.254893
0.427317  1.69455  1.10883  0.847229  1.11319  1.9422  1.7321  2.02509  1.71024  1.67916  1.54707  0.79552  0.73285  0.485632  0.396631  1
0.622043  0.560978  1.16058  1.0327  1.36697  1.92653  2.45147  2.39543  1.92553  1.78007  1.72488  0.889143  0.618432  0.464538  0.361001  0.264697
0.413871  0.67821  0.971593  0.937706  1.25578  2.11965  1.87751  1.82298  1.90207  1.60421  1.52097  0.834637  0.642946  0.454659  0.106033  0.703868
0.655266  0.978985  1.07215  1.27464  1.32361  1.5702  1.78215  2.35154  1.99973  1.91358  1.46984  1.07317  0.475728  0.303537  0.470731  1
0.338918  0.880026  1.00919  0.934158  1.24907  1.94388  2.15489  1.90312  2.14474  1.67289  1.97568  0.822299  0.552358  0.423173  0.4119  1
0.22089  0.616391  1.23885  1.49438  1.46013  2.24151  1.93632  2.06374  1.73785  1.83552  1.7034  0.689642  1.06102  0.471337  0.303083  0.448895
0.647984  1.04742  0.917517  1.04247  1.05945  1.9949  2.23042  1.58832  1.52301  1.73035  1.51432  0.712608  0.424407  0.348396  0.142804  0.226878
0.571396  0.962791  0.669314  1.2149  1.08492  2.05974  2.24248  1.71987  1.81635  2.05746  1.71219  0.650128  0.785582  0.325727  0.349246  1
0.606721  0.548659  0.875728  1.10868  1.31423  2.26171  2.5499  2.34057  1.93402  1.97737  1.83845  0.693392  0.556833  0.395714  0.535484  0.24003
0.462495  1.10958  0.816523  1.21576  1.40061  1.89623  1.92057  2.01251  1.63115  2.67238  2.10665  0.731567  1.0285  0.562311  0.492385  0.245809
0.538555  0.929678  0.865454  1.15443  1.49989  2.2049  2.22623  2.2849  1.93021  1.95877  1.46071  0.752963  0.504489  0.516932  0.324574  0.251799
0.87088  1.4765  1.01827  1.0009  1.0164  2.35317  2.52725  2.34694  2.00875  1.83352  1.67389  0.667699  0.527906  0.70866  0.292083  1
0.728034  0.730362  0.784814  1.05236  1.46768  2.3899  2.20552  2.00718  1.7473  2.11647  2.19077  0.824426  0.613946  0.3484  0.331255  0.509851
0.655267  1.21942  1.02568  1.2284  1.60933  1.92235  1.8554  2.23644  1.94566  1.84129  2.04548  0.959325  0.71213  0.471376  0.24343  1
0.119844  1.03605  1.13405  0.892849  1.05963  2.0431  2.11157  2.17814  1.78966  1.6728  1.71516  0.532916  0.67787  0.574402  0.210027  1
0.409525  0.937368  0.927447  1.14101  1.261  2.24062  1.65733  1.71734  1.55856  1.71263  1.60499  0.955594  0.703986  0.360145  0.549171  0.453728
0.393114  1.02879  1.12267  0.869349  1.60551  1.95551  1.77036  1.86147  2.02726  2.11483  2.21524  0.909489  0.488562  0.593574  1  0.299295
0.682541  0.994824  1.1104  0.936629  1.26078  2.09812  1.95413  1.86744  1.93561  1.78821  2.12329  0.79649  0.55283  0.534196  0.61786  0.469254
0.836456  1.04745  0.916528  1.17817  1.40421  1.4456  1.98931  1.99904  2.11968  1.75635  1.77926  1.11401  0.725178  0.24505  0.357  0.26135
1.16395  0.594398  1.03103  1.04802  1.70073  1.84035  1.84856  1.9182  1.83088  1.91173  1.96318  0.875979  0.634143  0.450565  0.349212  1
0.902631  0.740067  0.741205  1.2411  1.3409  2.22886  2.62693  2.15049  2.46937  1.86652  1.88285  0.620908  0.573592  0.320532  0.214185  0.635265
0.561628  0.740057  0.995146  1.02444  1.53477  1.93774  1.93246  1.726  2.07363  1.66734  1.5171  0.840877  0.699776  0.218025  0.274609  1
0.607972  1.12076  0.898187  0.88969  1.49002  1.73376  2.39307  2.04395  1.91435  1.89622  1.74743  0.712652  0.732123  0.406476  0.240691  0.550671
0.467972  0.520052  1.04949  0.947179  1.35119  2.14023  2.54092  2.03927  1.98871  2.29358  2.19093  0.659632  0.460978  0.716644  0.324548  0.242858
0.427327  0.488046  0.718556  1.22719  1.39841  2.12788  2.5418  2.17666  2.38002  1.92371  2.16144  0.694666  0.76168  0.434826  0.311975  1
0.37324  0.765601  0.893309  1.21591  1.15172  2.17228  2.25659  2.14335  1.66992  1.68348  1.79943  1.02005  0.623359  0.49562  0.125995  0.25808
0.599293  0.874969  0.789612  0.816709  1.65988  2.13511  1.83428  2.07513  1.87948  1.9819  1.47701  1.0475  0.421221  0.459556  0.698519  1
0.61435  0.888055  1.21739  1.00498  1.37896  2.52079  2.2471  2.31539  2.1163  2.22  1.9011  0.719045  0.617504  0.747927  0.293426  0.444027
0.592105  0.825248  1.16144  0.915133  1.21631  2.07203  2.31463  2.77947  2.23263  2.03664  1.94118  0.657832  0.71081  0.290303  0.267716  0.275304
0.468003  0.737584  1.0551  1.25219  1.15172  1.96157  1.92655  2.91955  2.11561  2.19082  1.75495  0.917441  0.62994  0.340987  1  0.278978
0.599317  0.776369  1.54555  0.869763  1.31724  1.87632  2.1725  2.14175  1.74609  2.24753  1.93959  0.812398  0.402688  0.439908  0.465647  1
0.451933  0.707371  0.880558  1.04177  1.19297  2.35436  2.96703  2.48899  2.15698  1.98908  1.76017  0.56474  0.482043  0.272553  0.465668  0.254894
1.4453  1.0839  1.05671  0.894894  1.14336  2.20084  2.50043  2.09681  2.19444  2.28485  2.14066  0.770815  0.639779  0.491201  0.345415  0.536352
0.905264  0.829642  0.912996  1.4299  1.25471  2.11827  2.13069  2.1898  2.08318  1.92895  1.98074  0.727458  0.350623  0.607031  0.369323  0.264685
1.07705  1.17672  1.25154  1.03541  1.36115  2.34435  2.13169  2.15853  2.35876  2.17883  2.02043  0.945195  0.605787  0.485624  1  0.208577
1.35567  0.554741  0.917506  0.994448  1.35625  2.26521  2.17774  1.96407  2.52613  2.46397  2.06686  0.763043  0.617474  0.344643  0.216359  0.217331
0.722733  0.517109  0.914827  1.15769  1.38823  1.7688  2.40931  2.5328  2.19559  2.60969  1.8335  0.905223  0.574221  0.43991  0.35704  1
0.880126  1.27089  0.845099  1.09996  1.61719  2.09405  1.82145  2.286  2.0894  2.4403  1.91137  0.962052  0.57916  0.390912  0.13389  0.258098
0.491409  1.08068  0.903656  0.924857  1.42781  2.59011  3.12135  2.2149  2.29806  2.13261  2.05079  0.935365  0.4904  0.284174  0.12453  1
0.504076  1.10559  1.1104  1.07825  1.26129  2.3097  2.3367  2.33198  2.04973  2.10775  2.56943  0.843528  0.440647  0.62848  0.361025  1
1.24804  0.464224  0.989908  1.17409  1.41474  2.29081  3.23479  2.38723  2.22292  1.99112  2.16002  0.955222  0.498683  0.360141  0.139078  1
0.124439  0.98133  1.32562  1.37066  1.15348  2.30822  2.22676  2.29045  2.46908  2.25783  2.39358  0.79488  0.521425  0.267111  0.12601  0.215037
0.57817  1.02664  1.14945  1.156  1.25473  2.1439  2.20895  2.39577  2.85544  1.91011  2.36085  1.07935  0.645623  0.807544  0.227817  1
0.756088  0.98145  0.685452  0.800733  1.47401  2.41911  2.48668  2.14583  2.34146  2.13667  1.9358  0.812255  0.804535  0.36013  0.130622  1
0.692187  0.698315  0.887727  1.10449  1.39843  2.55824  2.02914  2.39064  2.42012  1.92551  2.70515  0.833928  0.432688  0.395685  0.783617  0.317593
0.77592  1.05699  0.855369  1.05976  1.22912  2.11778  2.46773  2.56919  2.12432  2.28304  1.95343  0.882888  0.548389  0.492039  0.225487  0.21968
0.398417  0.958881  0.850914  1.06459  0.921838  1.96745  3.01098  2.03438  2.19718  2.54476  2.06821  0.745043  0.609337  0.188539  1  1
0.245697  1.06794  0.820905  0.879136  1.26131  2.15147  2.91693  2.11148  1.7511  2.00369  2.38667  0.967162  0.822619  0.50281  0.476  1
0.839068  0.952617  1.25102  1.08886  1.33287  1.79237  3.26171  2.34685  2.53541  1.87458  1.722  0.939006  0.605258  0.840282  0.542192  1
0.70202  1.09564  1.03163  1.12101  1.6132  2.13652  2.36633  2.69478  2.36434  2.2523  2.16712  0.692299  0.64294  0.29351  1  1
0.969042  0.776396  1.33062  1.12102  1.18489  2.17301  2.06986  2.49894  3.11986  1.81896  1.63727  1.19077  0.797531  0.125703  0.452519  0.40488
0.670094  0.844466  1.13652  1.00327  1.43845  2.54519  2.60998  2.20121  2.15214  2.01426  2.08212  0.933796  0.548108  0.570509  0.452466  1
0.917351  0.689436  1.08109  1.28689  1.34037  2.18603  2.29419  2.77607  2.58309  2.19156  1.83117  1.00703  0.770663  0.209504  1  0.589898
1.40414  0.624098  0.874546  0.921744  1.2809  2.23726  2.05369  2.45675  2.08647  2.58619  2.10786  1.13338  0.602574  0.377083  0.281818  1
0.997159  0.767147  1.25397  1.48556  1.40236  2.61954  2.81223  2.27948  2.50655  2.58376  2.26528  0.735163  0.80115  0.593579  0.360997  1
0.595652  0.747568  0.974988  1.12602  1.24193  2.95056  2.73955  3.15902  1.94801  2.09263  2.16831  0.647851  0.765627  0.619374  0.83667  0.581616
0.614286  0.803769  0.94687  1.00499  1.6557  2.15487  2.50005  2.82919  2.70679  1.99795  2.54001  0.885175  0.417164  0.568308  0.411907  1
0.302418  0.791674  0.812179  1.44788  1.4241  2.88141  2.82661  3.16332  2.08248  2.39564  2.34951  0.940686  0.79752  0.439076  0.12453  1
0.807828  1.10564  0.861884  1.23269  1.20748  2.62222  2.78582  2.91934  2.45874  2.07361  1.86902  1.40401  0.446611  0.232265  0.146707  0.938541
0.744589  0.693447  1.084  1.21522  1.30517  2.18765  2.45762  2.89618  2.40996  1.94006  2.07833  0.916252  0.391671  0.314241  0.125995  1
0.606702  0.776396  1.38862  1.20108  1.36115  2.67716  2.4508  2.16659  2.08077  2.48481  2.39687  0.944249  1.09928  0.35614  0.365099  1
1.02687  1.13473  1.17016  1.24788  1.48152  2.1935  2.86901  2.6297  2.19295  2.33025  2.54118  0.615462  0.707365  0.728468  0.479533  0.275305
0.756044  1.14986  1.03169  1.13436  1.30713  2.42795  2.10195  2.56913  2.28585  2.10875  2.12772  0.855169  0.893923  0.675437  0.690941  1
0.646617  0.968305  1.22797  1.25897  1.45047  2.30635  2.57794  2.67907  2.23407  3.05924  2.12446  0.995979  0.760561  0.53421  0.458982  0.355998
0.393143  0.919277  1.19562  0.849548  1.48582  2.73677  2.44202  2.93524  2.64734  2.0249  2.59429  0.945483  0.803427  0.559056  0.146707  1
0.614286  0.72847  1.05105  1.37493  1.20991  2.34256  2.52184  2.75613  2.48402  3.0351  2.07552  0.778626  0.801145  0.52118  0.396651  0.322623
0.67319  0.722102  1.03851  1.10869  1.56532  2.00962  2.93334  2.61512  2.56805  2.40487  2.20079  0.932427  0.820606  0.0568308  0.422747  0.63532
0.526531  1.33498  0.898174  1.29468  1.26752  2.55766  2.24837  2.83693  2.80585  2.644  2.69031  0.801721  0.858091  0.317982  0.594977  1
1.28899  0.992891  0.871757  1.29591  1.37434  2.55636  2.54334  2.43761  2.53597  2.17148  2.1313  0.930183  0.50105  0.492035  0.584159  0.746309
0.83293  0.732085  1.02292  1.33132  1.74502  2.78206  3.36235  2.7567  2.35564  2.42045  2.18433  0.838401  0.891474  0.390885  1.08911  0.58994
2.41686  0.920053  1.5326  1.26601  1.59253  2.45187  2.45114  2.47511  2.87904  2.57664  2.31938  1.09637  0.569094  0.296783  0.637475  0.261366
1.02687  0.422226  1.32685  1.13949  1.66547  2.34078  2.86961  3.10123  2.67753  2.801  2.37215  0.661213  0.711786  0.783507  0.49812  1
1.35567  0.60074  0.904006  0.839468  1.24489  2.18568  2.59177  3.28357  2.61113  2.46834  2.03031  0.767459  0.590982  0.395711  0.305988  0.303645
0.828916  0.60519  1.0865  0.93591  1.59297  2.96721  3.22905  2.4692  2.7186  2.30614  2.57053  1.02037  0.487473  0.826753  0.594977  0.31766
0.966745  1.06798  1.13947  1.56332  1.58059  2.44133  2.42967  2.93064  3.49524  2.24343  2.23956  0.851892  0.882836  0.879079  0.301678  0.327744
0.966745  1.11919  0.918587  1.20108  1.77453  2.79404  2.70014  2.77798  2.51609  2.46773  2.19365  1.02328  0.849076  0.540972  0.428383  0.290815
0.409524  0.856402  0.718539  1.27174  1.51621  2.42462  2.74848  2.68437  2.83789  2.39891  2.31979  0.967155  0.368237  0.320526  0.649065  0.63532
0.655238  1.10706  0.96606  1.29468  1.43843  2.6917  2.73471  2.76376  2.90012  3.01671  2.25446  1.40462  0.558264  0.381578  0.502012  1
0.805621  0.92197  1.02916  0.932607  1.75643  2.85743  2.17715  2.93314  2.86137  2.28729  2.84286  0.783905  0.702999  0.421744  0.611976  0.279026
0.578151  1.15274  0.854242  1.23445  1.37984  2.88981  3.61014  2.76883  2.5065  2.73198  2.49947  0.797479  0.903855  0.296783  0.417256  1
0.712216  1.16715  1.12272  1.6693  1.45098  2.79812  2.9908  2.29149  2.58776  2.57555  2.63988  0.812079  0.879427  0.555023  0.324533  1
0.578151  1.0001  0.88112  1.23445  1.64778  2.11695  3.06612  2.62748  3.08258  2.42846  2.6086  0.894591  0.576208  0.321813  0.152994  0.368712
0.728043  1.04273  0.838657  1.32293  1.88237  2.49436  2.55367  3.05421  2.29633  2.54038  2.76067  0.934862  1.07036  0.307017  1  0.349964
0.907253  1.04017  1.45537  1.56916  1.98306  2.12302  2.50653  2.96523  2.57482  2.29329  1.83211  0.974243  0.656484  0.392801  1  0.645247
0.805621  1.27409  1.00181  1.35507  1.38635  2.24884  3.69386  2.86394  2.97666  2.84976  2.55867  1.0781  0.655544  0.712279  0.629975  0.327744
0.805621  0.858716  0.945446  1.2643  1.55349  3.31767  2.94594  3.17309  3.11194  2.71611  2.30221  0.992284  0.561014  0.512256  0.164763  0.271683
1.0771  1.15274  0.634005  0.780086  1.94029  2.44869  2.43897  3.02817  2.06233  2.36222  2.77711  0.883055  0.731692  0.234817  0.695427  1
0.999516  0.907786  1.1049  1.00961  1.33309  3.28511  3.02718  2.6139  2.60078  2.34741  2.56833  0.910119  0.720796  0.505333  0.518205  0.29497
0.882052  1.47208  1.19289  1.04305  1.7084  3.00181  3.2904  2.88755  2.93859  2.25178  2.52438  0.987979  0.46295  0.346889  0.159844  1
1.01675  1.06381  0.879968  0.905165  1.54638  2.516  3.17511  2.71879  4.24735  2.65299  2.56148  0.979881  0.677892  0.632617  1  0.543366
0.37089  0.782574  0.696859  1.52519  1.65623  3.03511  2.70766  2.7197  2.60896  2.68392  2.26216  1.30845  0.645611  0.614034  0.417256  1.06799
0.333172  0.613369  1.10886  1.0691  1.35806  2.88557  3.23694  2.60084  3.08149  3.02833  2.88931  0.824259  0.769499  0.610525  0.479533  0.711996
0.433614  0.707365  0.947293  0.877197  1.28754  3.20486  4.4356  2.98437  3.28354  2.81882  2.47476  0.855169  0.831547  0.593566  0.479533  0.303645
0.50403  1.08392  0.910312  0.992897  1.45204  3.10264  2.70065  3.22187  3.28185  2.76522  2.58954  0.950187  0.774733  0.528339  0.44012  0.268154
0.483373  0.665709  1.67387  1.1163  1.29735  2.92133  3.79513  3.37045  2.37099  3.55192  2.34558  1.46433  0.557171  0.649714  0.164763  0.29497
0.333172  0.648418  0.758593  1.08591  1.49503  2.69206  3.77103  3.21166  2.81655  2.29544  2.25738  0.845771  0.92968  0.365897  0.142794  0.764737
0.893507  0.488808  0.957612  0.972307  1.41568  2.74121  2.79813  2.42876  3.21373  2.88042  2.22587  1.02704  0.831547  0.717595  0.571178  0.282848
0.927224  0.458993  0.845684  0.89349  1.631  2.97123  3.26075  3.24124  2.63579  2.7595  2.42769  0.844611  0.883544  0.346889  0.369296  0.368712
0.536104  0.948433  0.970999  1.53041  1.94152  3.35358  2.87269  3.03973  2.82264  2.71525  2.8732  0.812079  1.0059  0.485645  0.458982  1
1.17943  1.2309  1.0865  0.900814  1.50621  4.09444  3.28663  2.67128  2.77702  2.34658  2.27041  1.09637  0.657349  0.273954  0.50998  0.333031
0.475576  0.972628  0.940655  1.12938  1.27545  2.69741  3.36725  3.00611  2.8586  2.4388  2.62316  0.865994  1.11368  0.451445  0.502012  1
1.12327  0.892904  0.832984  0.973852  1.64242  2.43801  3.04775  4.06716  3.19265  2.4461  2.56567  1.15804  0.508419  0.219538  0.535479  0.368712
0.312018  1.10564  1.03361  0.800723  1.77453  3.49695  3.71706  3.42827  3.96097  3.223  2.23305  1.13637  0.707365  0.505333  0.169993  1
1.32308  1.07284  0.952609  1.06575  1.42168  2.92793  3.3578  2.71393  2.91201  2.68037  2.15222  1.10222  0.698434  0.478397  0.629975  1
0.344862  0.567366  1.01045  0.967107  1.38583  2.96705  2.90897  2.44229  2.57936  2.93788  3.18321  1.03817  0.876044  0.616396  0.363037  0.349964
0.614286  1.34749  1.2548  0.900814  1.18453  3.89066  3.41718  3.32805  2.63105  2.67839  3.47112  1.03479  0.847364  0.333881  0.314988  1
0.634102  0.818495  1.13853  1.3147  1.85399  2.45013  2.93216  3.58337  3.02421  2.65437  3.31371  0.864266  0.677892  0.658614  0.351134  1
0.792627  0.615448  0.953541  1.07744  1.79264  2.88732  2.87101  3.42146  2.34226  3.07858  1.78911  1.15563  0.803427  0.376204  0.669349  0.724488
0.142443  1.48547  0.822272  1.0555  1.35254  2.61774  3.24647  4.03742  2.56057  3.50812  2.26622  1.10053  0.43519  0.633808  0.620845  0.375416
0.403914  0.85516  0.957612  1.23269  1.93195  2.95336  3.3133  2.95684  2.6324  3.11699  2.72124  0.910119  0.40385  0.46453  0.594977  1
0.969015  0.583577  1.27817  0.950859  1.50413  3.49759  2.98555  2.94302  2.97501  2.30133  2.13124  0.962527  0.731692  0.350301  1.28515  1
0.728043  0.82526  1.4156  1.18139  1.39753  2.82411  3.46256  3.28891  3.78455  2.72214  2.41893  1.38143  0.790874  0.292718  0.472481  0.333031
0.741779  0.729471  0.938391  1.04305  1.80929  3.12907  4.28535  3.1541  2.87697  3.02121  3.34885  1.00372  0.677892  0.696795  0.620845  0.779166
0.614286  1.05251  0.790646  1.40127  1.41716  2.33713  3.35719  3.46215  3.07799  3.62285  2.47883  0.950187  0.487473  0.351454  0.649065  0.31766
1.02381  0.704316  1.12272  1.10576  1.52292  3.20915  2.97648  3.83258  3.72887  3.81727  2.69262  0.847464  0.598657  0.325738  0.571178  1
1.25091  0.692379  0.612391  0.855567  1.5483  3.25089  3.98208  3.26656  2.69681  2.70602  2.86387  1.18773  1.13593  0.794095  0.187887  0.938541
1.075  0.61101  0.79772  1.07465  2.24457  3.19739  2.27909  3.59306  3.4434  2.28565  2.75296  0.977336  0.793629  0.679903  0.396651  1
0.172431  0.576372  0.781021  1.11405  1.87111  2.43713  4.57673  3.8582  3.37459  2.57306  2.54112  1.22485  0.941516  0.932747  0.702267  1
1.31048  0.923172  1.04582  1.21985  1.49068  2.37224  3.48915  3.55157  3.95826  3.14361  2.89465  1.09272  0.58403  0.777032  0.446232  0.809721
0.927224  1.24598  0.768985  1.26015  1.52848  3.09764  2.60453  3.44511  3.86534  3.50981  2.59121  1.10135  0.727493  0.641051  0.44012  0.79415
0.546032  0.810523  1.19438  1.27984  1.77255  3.09208  3.25079  3.41168  2.88446  3.45861  3.57611  0.956974  0.845164  0.370979  0.649065  0.375416
0.401166  0.977615  1.23279  1.41556  1.38907  3.22371  3.2942  3.34846  3.33801  2.89991  3.05641  0.69168  0.919175  0.558129  0.181518  1
0.627356  0.810523  0.903651  0.998084  1.52638  3.45595  3.45385  2.89969  3.44328  3.17426  3.07446  1.18773  0.688009  1.08653  0.169993  0.397075
0.29339  1.00865  0.637908  1.33245  1.42596  3.91934  2.84742  3.91134  2.83335  3.26871  2.77028  1.20258  1.07665  0.16959  0.428383  0.362244
0.702041  1.19054  0.819281  1.32119  1.64348  3.92901  4.21071  4.37407  3.28723  2.98787  2.50176  1.07336  0.862771  0.593566  1.01034  1
0.385434  0.585668  1.05255  1.1168  1.48796  3.6282  3.41248  2.5616  2.97946  2.82699  3.08127  1.09337  0.736475  0.60314  0.181518  1
0.526531  0.742734  1.12272  1.0919  1.42144  3.32898  3.55171  3.96113  4.13955  3.0601  2.73649  1.10855  1.24465  0.641051  0.375775  0.737425
0.854659  1.69097  0.90681  1.2592  1.57981  4.58227  3.23493  3.73392  2.99377  3.26281  3.99103  1.15923  0.862771  0.667762  0.877834  0.397075
0.393143  0.875934  1.21182  0.967107  1.50263  2.90749  3.21834  3.26619  4.65101  2.82136  3.67053  1.16826  0.65957  0.232265  0.411907  0.389583
0.209119  0.615448  1.12272  1.34859  1.56829  3.52275  3.79879  3.54682  3.09121  3.66631  2.56972  0.834808  0.78004  0.451445  0.811332  0.809721
0.999516  1.05556  0.686105  1.14886  1.33698  4.02254  3.96196  3.45946  3.95639  2.84919  3.49878  0.901281  0.974469  0.686841  0.702267  0.31766
0.655238  0.891575  0.987992  0.968617  1.6593  3.38377  3.42102  4.4925  2.6942  3.32453  2.97852  0.96846  0.688652  1.04747  0.167337  0.699929
0.418237  1.61555  0.748479  1.20108  1.63973  3.27905  3.09217  3.34274  3.35998  2.82233  3.21499  0.871005  1.02239  0.707042  0.162266  1
0.385434  1.62716  0.824854  1.1168  1.4989  3.29908  3.52825  6.24315  3.17227  3.12873  3.19988  1.46543  0.959477  0.500821  1  0.897734
0.786286  0.832137  0.697906  0.997511  1.70323  3.06354  2.86787  3.72495  3.84847  3.3953  2.45156  0.704809  0.889038  0.457894  0.356986  1
0.378022  0.846241  1.14241  1.08848  1.60737  4.31391  4.57959  3.75565  3.26829  3.05313  2.74596  0.893176  0.482882  0.777032  0.167337  0.344132
0.479443  0.983434  0.952609  1.31439  1.51399  2.66737  3.4774  3.51364  3.51329  3.32176  2.84377  1.01497  0.876044  0.494638  0.76497  1
1.09206  0.983434  1.60388  1.06972  1.43477  2.4878  2.66505  3.51079  6.33946  2.62236  3.25831  1.00957  1.40793  0.508771  0.184648  1.16875
0.689725  0.41263  0.748479  0.989129  1.32344  3.65332  3.07272  4.78462  4.11568  3.39022  3.88175  1.26939  0.951427  0.721905  0.363037  1
0.526531  1.13473  1.26306  0.92516  2.49625  2.23327  2.99515  4.01887  3.46715  3.49022  3.10845  1.15804  0.830071  0.779056  0.80827  1
1.36508  0.810523  1.03893  1.30118  1.65423  3.29919  3.48082  4.10258  4.00162  3.27983  2.80652  1.27525  0.587506  0.637862  0.396651  1
0.409524  0.990312  1.49696  1.30463  1.90129  3.59358  3.90973  4.39689  4.28481  3.93826  3.64431  1.03657  1.49136  0.890349  0.437126  0.421386
0.655238  1.15888  1.03635  1.46799  1.99987  4.35406  2.57555  3.60655  3.78292  3.03518  2.77116  0.817441  0.864557  0.613027  1  1
1.32308  0.806921  1.01265  1.34359  1.57267  3.52087  3.71314  3.2345  3.8482  3.69529  3.02255  1.35402  0.903855  0.890349  0.655689  1
0.819048  0.965729  0.955504  1.18073  1.86793  3.94498  4.43059  3.11598  3.37064  3.49795  2.86685  1.37697  0.635523  0.623244  1.01996  0.439317
0.982858  0.557412  0.987992  1.08987  1.73027  2.999  4.23444  3.57816  4.66059  2.64405  3.5015  1.19205  0.871575  0.696795  0.389439  0.404861
2.06917  0.672434  0.620449  1.32533  1.57508  4.40172  3.4008  3.30728  4.48103  3.08533  3.57196  1.04669  0.951427  0.657489  0.446232  1
0.966745  1.15536  1.69777  1.46532  1.49609  3.24972  4.94667  3.31418  2.90109  3.85105  2.98493  1.22869  0.728481  0.92906  1  0.491617
1.54174  1.64174  0.735574  0.974465  1.29468  3.69292  4.3331  4.44504  3.01373  3.58474  3.29981  1.22167  0.702999  0.505333  0.382485  0.897734
1.40408  0.722102  0.84664  1.28844  1.61126  3.6338  3.70574  3.30589  4.71647  3.77502  2.9564  0.863198  0.401714  0.262726  0.19472  1
0.546032  0.513841  0.799223  0.909913  1.69409  2.37565  3.10641  3.47395  2.32903  3.65786  2.59379  1.18408  0.788819  0.942723  0.475981  0.448867
0.728043  1.18407  0.866659  1.06511  1.85519  2.95229  3.09902  3.42382  3.15249  3.67025  2.59008  1.57375  0.689381  0.53421  0.419983  0.860329
0.67013  0.817007  1.51567  1.11373  1.37315  3.5572  3.05243  2.57558  3.63851  3.11135  2.60944  1.18371  1.30155  0.828946  0.803218  1
0.218413  1.51298  0.997971  1.22418  1.62332  2.45103  2.97089  5.43394  3.32567  4.38345  2.37652  1.10855  0.542313  0.733229  0.356986  1
0.958885  0.599481  1.1501  0.952584  1.6122  2.72856  4.09597  3.76372  4.52821  3.56474  3.92748  1.22485  0.968417  0.417351  0.931268  1
0.719164  0.950008  1.26561  1.47502  1.62811  3.17867  3.97408  3.24521  3.84637  3.83081  3.70912  1.17523  0.726312  0.516977  0.375775  1
0.728043  1.00865  1.8318  0.977154  1.30323  3.72541  4.69608  3.42871  3.11764  5.32968  3.15022  0.859693  0.965134  0.421744  0.232817  1
0.702041  0.557412  1.21254  0.950112  1.56773  3.28634  4.00065  3.65831  5.09967  3.94117  3.7813  1.07568  0.903855  0.552631  0.50998  0.67698
0.67013  1.06798  1.51323  0.986605  1.9252  3.60487  4.63119  3.12379  6.96828  4.69737  3.03876  1.06896  0.748018  0.97129  0.202068  1.29049
0.418237  0.363114  1.1023  0.905165  1.80187  3.59347  2.83445  5.07992  4.19092  4.40929  2.74095  1.36194  0.825259  0.437877  0.455727  0.421386
0.401166  0.756488  1.24216  1.20108  1.71116  3.30365  6.39407  3.42562  3.78857  3.95865  3.58843  0.855169  0.783341  0.381578  0.404135  0.491617
0.491429  0.360232  0.943083  1.56663  1.76722  3.9913  4.8499  2.97456  3.82587  4.04429  2.95447  1.11172  0.823154  0.667762  0.24906  1
0.958885  1.26668  1.03635  1.12233  2.17496  4.06214  3.79773  4.11564  3.96998  3.42126  2.97942  1.07568  0.39441  0.90544  1.30605  1
0.526531  0.907786  0.924591  0.960868  2.11254  4.05668  5.72053  3.42119  4.02292  5.33562  3.26951  1.81399  1.04765  0.430814  0.187887  0.860329
1  0.907786  0.931034  0.972307  1.62473  5.31722  4.7096  4.79251  3.63599  3.19912  3.86925  1.01065  1.07528  1.12465  0.437126  0.448867
0.265637  0.756488  0.431815  1.00805  1.22852  3.8973  4.51053  3.59047  3.77116  3.34901  3.25807  1.11124  1.35578  1.04236  1.44724  0.960367
0.218413  0.618945  1.30235  1.86835  1.9445  3.22862  5.31787  4.40031  3.68789  4.26291  4.53882  1.00073  1.15493  0.97129  0.428383  1.83537
0.531274  0.864558  0.96962  1.29117  1.79107  3.41311  3.35617  4.03521  4.1506  2.95042  3.84286  1.09637  0.920909  0.745409  0.486799  1
1.22857  1.16383  1.61211  1.46014  1.37514  2.44127  3.22665  3.69302  3.03987  3.72597  3.16964  1.06896  0.889733  0.791421  0.289448  0.458842
0.854659  0.648418  0.583813  1.45394  1.53607  3.60072  4.6448  5.64229  4.07403  3.72062  4.28655  1.03657  0.774733  0.390885  0.274605  1
0.468027  0.544671  1.23499  1.04775  1.24405  4.92631  5.82806  5.39663  5.04697  4.81095  3.66341  0.827582  0.844586  0.582774  0.227863  1
2.45714  0.94561  1.49696  1.09664  1.48236  3.3583  3.67214  4.40223  4.33354  3.93878  3.56556  1.29571  0.764801  0.372704  0.535479  1
0.819048  0.74105  1.47357  1.08333  1.44037  3.71629  3.60274  3.80394  5.07847  3.99658  3.9535  1.36711  1.12556  0.779056  0.281831  0.543366
0.418237  0.544671  1.3144  0.871755  1.90129  2.90555  4.38294  4.3848  4.16994  3.74644  3.11819  1.01806  1.09617  0.494638  1  1.25139
1  1.51298  0.918587  0.875791  1.87181  3.31614  3.02963  6.19616  3.40736  3.44297  3.68145  1.42528  1.00896  0.689303  0.437126  0.58994
0.37089  0.690707  1.04439  0.791624  1.37315  3.75058  3.48466  3.25713  3.80227  4.73164  4.67631  0.979881  1.05142  0.320526  0.823814  0.688263
0.239721  1.00865  1.06363  0.82932  1.65985  2.96952  5.07708  3.55819  4.68189  3.6394  4.64342  1.49481  1.02437  0.445175  0.911454  0.625694
1.55188  0.648418  0.921204  1.20108  1.75605  3.56367  4.47903  5.50613  4.47668  3.72383  4.09259  1.42528  0.903855  0.684884  0.34547  1
0.819048  1.27657  1.20487  1.20108  2.17063  4.24808  4.32434  4.9675  4.69409  5.07958  3.4422  1.71872  1.41001  0.496939  0.594977  0.480184
0.364021  0.613369  1.06034  1.76409  2.23401  4.04983  5.10082  4.09018  4.15873  5.64566  4.89157  1.74712  1.08463  1.15505  0.522418  1
0.728043  0.98139  1.15893  1.07597  1.91754  3.52152  4.49772  6.29545  5.24294  4.27225  3.54676  1.36589  1.0304  1.20197  1  1
1.05306  0.836118  1.42891  0.949695  1.80809  3.65494  5.91518  4.12011  5.89589  5.43241  4.37235  1.11986  1.29416  0.953946  1  1
1  0.706056  0.835511  1.1037  1.41908  3.12494  4.19243  4.62181  8.58482  3.91487  4.97721  1.12203  0.65957  0.721905  0.690941  0.491617
0.393143  1.96687  0.617495  0.979832  1.73916  3.47655  4.51897  4.15946  4.22606  3.25085  4.02156  1.50912  0.652784  0.485645  0.274605  0.558051
0.546032  0.252163  1.15151  1.03878  1.49198  5.25977  5.5526  5.12305  3.94923  5.33165  4.45042  1.24712  0.945895  1.03395  1  1
1.35567  1.84394  1.37221  0.686334  1.31073  3.99212  4.78405  4.84935  3.5535  5.38998  4.05459  1.34384  1.08463  0.508771  1.9472  0.58994
0.364021  0.882569  1.23137  1.29348  3.60244  4.01123  4.4173  4.21266  6.08363  4.01377  2.94318  1.39052  0.806141  0.890349  0.690941  0.897734
0.307143  0.858716  1.0887  0.918477  1.31073  3.32136  3.77364  5.99246  4.66371  5.03026  5.20952  1.90037  1.07036  0.436089  0.25499  0.607291
1.40408  0.667489  1.00657  1.42351  1.59297  4.47656  4.48863  7.63487  4.77447  4.57643  3.46466  1.00608  1.19309  0.52118  0.281831  1
0.728043  0.490695  1.24746  1.7233  2.43602  2.70629  4.94171  5.71146  3.44984  3.73536  3.12727  1.27525  0.657349  0.921051  0.382485  0.573553
0.819048  0.726229  0.869201  0.995184  2.21817  5.01905  5.62957  8.21411  5.35538  4.94283  3.58717  1.24712  0.71357  0.485645  0.611976  0.983233
1.05306  0.872871  0.705708  1.16862  1.62305  4.11854  3.06902  3.98156  5.30704  3.31412  3.99335  1.38336  0.677892  0.516977  0.563662  1
1.09206  1.51298  0.449087  1.20108  1.57535  3.58635  4.96677  3.53762  3.91299  4.29239  4.34778  1.47443  1.11653  0.593566  1.64763  1
2.0335  2.17869  1.43708  0.74662  1.20857  5.2022  4.217  5.81668  5.12591  5.06084  3.07531  1.22167  1.06819  1.10526  0.713972  1
0.317051  0.687716  0.792507  1.40817  1.4902  3.47479  5.10507  5.02103  4.75522  5.50404  4.75617  1.18773  0.762628  0.667762  1.01996  1
1.96572  0.626059  0.898174  1.10626  1.71729  6.18845  5.18383  6.65802  5.29695  7.42038  5.30796  1.68442  0.46484  0.16694  0.856766  0.645247
0.578151  0.238891  1.02916  1.00736  1.50292  4.57894  3.29143  4.78635  4.35728  5.22232  3.40108  1.69937  0.677892  0.610525  0.690941  0.825916
0.468027  0.709208  0.831643  1.0009  2.29129  3.18084  4.46227  4.22356  3.64368  4.58615  4.08027  0.855169  0.625746  0.314241  0.369296  0.666061
1.6381  1.29684  0.577398  0.978662  1.90129  5.32151  5.73149  5.08376  4.51546  6.25988  4.79953  1.05747  0.957024  0.92906  0.369296  0.666061
1.6381  1.7761  1.12272  1.25828  1.35806  4.87519  6.39694  6.66872  9.03589  5.89108  4.03315  0.993378  1.1472  1  1.64763  0.860329
0.427329  0.226946  0.831643  1.24112  1.82523  2.95191  4.28867  4.88722  5.08617  5.51594  4.86658  1.8325  1.53262  0.593566  0.34547  1
1.55188  0.716673  0.774288  1.0625  1.51399  3.83804  3.12428  5.18008  7.65954  3.45837  4.07303  0.973363  1.58175  0.890349  0.396651  1
0.756044  1.23789  0.851717  1.72956  1.92769  3.89229  7.62928  3.96868  4.83755  4.62242  5.18974  0.814446  1.01684  1.16133  0.486799  1
1.09206  0.94561  0.182062  0.950859  1.53914  3.2571  5.33417  5.99567  8.85993  7.05534  5.57232  0.950187  0.677892  0.942723  0.411907  0.79415
0.446753  0.955564  0.718539  0.489331  2.65388  6.17622  5.04981  5.64634  9.54049  4.94489  4.95544  0.919536  1.02853  0.696795  0.411907  1
0.409524  0.986724  1.24746  0.840759  2.00269  4.68398  3.59932  8.08829  5.4131  5.2635  3.7122  1.12835  0.825259  0.809408  0.563662  1
1.03459  1.26081  0.962329  0.9922  2.11254  3.73687  5.7683  7.10079  7.17598  7.32978  6.6111  0.777426  0.790874  0.801314  0.713972  1
1  0.907786  0.96233  1.29348  2.20308  4.33977  4.31015  5.19404  4.04862  6.0924  5.60266  1.35027  0.938619  0.46453  1  1
0.364021  0.648418  1.41817  1.52865  1.49568  3.29065  5.79496  4.54167  4.37141  6.72207  6.66221  1.22167  1.58175  0.395711  1  1
1  0.907786  1.12272  1.80163  1.37774  4.44989  4.12254  8.21177  4.18536  4.09016  6.76533  0.763543  1.10471  0.53421  1.01996  1
1  0.324209  0.96233  0.857918  1.53914  3.16954  4.25641  5.83571  3.13785  6.46972  5.50132  1.49315  0.862771  1.06842  1  1
1.22857  0.394689  1.12272  1.01144  2.5838  7.69128  4.07009  5.4646  5.69521  3.9279  4.09901  1.62889  1.01684  0.763157  1  1.29049
0.578151  0.533992  0.842038  1.06763  1.17002  2.94327  5.85266  3.84316  5.83219  3.94664  5.9061  1.90037  1.42714  0.508771  1.52994  1
0.578151  1.39659  1.83717  1.94021  1.69003  5.59225  5.76128  5.20196  7.09453  5.73333  10.3167  1.60344  1.42034  0.628482  0.669349  1
1.6381  1.51298  1.20908  1.12101  4.52687  4.34081  4.81595  5.96776  11.2576  5.81391  8.36242  1.02937  0.677892  1.64372  1  2.58099
1.96572  0.504325  1.45953  2.00181  2.4928  6.03725  3.29813  5.11315  6.43496  5.04446  5.62876  1.27525  0.903855  0.281163  1  2.58099
0.578151  1.41842  1.42891  0.857918  2.14504  4.07583  3.85552  9.2837  7.6041  5.33114  8.94347  2.44334  0.949048  0.562326  1  1.47485
0.756044  0.756488  3.84932  1.76159  1.99182  5.9372  5.27534  6.64239  4.78589  6.88331  5.31603  3.13562  1.0545  0.890349  1  1.72066
1.6381  0.477782  1.06925  0.600542  2.13174  3.34516  4.33857  12.0762  10.9508  5.89635  4.20453  0.548185  0.58105  0.381578  1  1
1.51209  0.378244  1.63304  2.57375  1.56773  5.85133  5.82366  3.74796  16.978  3.0815  5.67779  0.647855  2.37262  0.222587  1  1.29049
1  0.349148  1.42891  0.873516  1.66362  4.98413  4.12536  5.03092  7.23547  5.07692  3.50556  1.16614  0.847364  0.562326  1  1
1  0.533992  0.924591  1.80163  2.43755  5.05255  20.4421  8.46068  5.84018  8.36463  8.31001  1.68442  2.16925  0.53421  1  1
1  1.51298  1.79635  0.667269  1.65753  3.93418  12.3411  3.91408  7.22238  4.97862  9.75486  1.15804  0.903856  1.06842  0.892465  1
2.80816  0.648418  0.785902  1.08098  2.29739  3.07103  5.00944  7.08172  5.16378  4.90527  7.82152  1.34144  0.903855  0.381578  1  3.44132
1  1  1.49696  0.948225  1.30977  5.80146  5.72484  6.39786  3.54082  2.98164  5.43125  1.18773  0.508419  1  1  1
2.68052  0.302595  1.22478  4.00362  2.24697  7.16424  3.71642  4.65728  5.94937  9.42362  3.60264  0.906997  0.451928  0.890349  1  1
1.40408  1.81557  0.561359  0.934177  1.26752  3.86169  3.7519  3.67583  4.40342  6.49843  7.51759  1.52709  1.1621  0.53421  1.52994  1.47485
3.68572  1.00865  0.299391  1.0009  1.90129  4.1376  8.26685  3.28568  6.45394  9.96172  4.47841  2.85056  0.625746  0.890349  2.00805  1
1  0.567366  0.561359  1.46799  1.98051  5.13299  4.37511  7.72883  8.82062  4.86719  5.77479  0.657822  0.81347  0.97129  1  1
1  1.00865  1.34726  2.8826  1.90129  4.65751  34.9162  3.04979  23.4524  8.6589  4.61788  1.74201  0.81347  0.763157  1.3387  1.72066
1  1.51298  1.8712  2.1019  1.61961  4.17868  6.53876  6.88294  9.55959  5.1191  5.17393  1.29571  2.16925  0.593566  1.3387  1
1.96572  0.756488  1.28311  0.857918  4.43633  5.38594  10.6931  9.0397  4.80586  5.85164  4.8325  1.03657  0.625746  0.593566  0.973598  1
1  3.78244  1.34726  1.05095  4.75321  4.72958  5.63322  5.00651  14.1485  3.84738  4.90846  0.548185  1.62694  0.667762  1.3387  1
1  1.51298  0.249493  1.80163  2.7463  9.94217  7.77724  4.49097  8.09233  6.9531  6.16117  1.85287  0.451928  0.593566  1.52994  3.44132
1.40408  0.907786  3.36815  1.50136  2.7463  4.00904  8.46411  8.59181  11.4805  8.65833  2.80792  0.997697  0.338946  1  1  1
1  1  1.4034  2.80253  1.5844  3.7507  5.06491  34.2521  7.7964  6.79595  6.82733  2.03612  1  1  1  1
1  0.756488  0.748478  1.54425  2.02804  3.39009  7.6899  23.8535  4.52432  10.0689  4.42466  1.42528  1  0.890349  1  1
1  1  2.80679  1.4413  2.53505  3.07462  5.36145  8.12866  8.02233  7.21854  35.0534  1.71034  0.542313  1  1  1
1  0.648418  1.34726  0.686334  2.78855  6.66854  9.37593  5.98972  10.6433  3.14242  9.51494  0.950187  1.08463  3.20526  1  1
1.6381  2.26946  1.79635  0.533815  1.77453  2.9934  2.74478  9.79623  7.34722  11.9771  6.46163  0.950187  1.1621  0.41093  1  2.29421
1.6381  0.756488  1.12272  4.80434  1.90129  1.80056  3.44079  22.7185  6.33112  5.88037  23.4154  1  1  2.67105  1  1
9.82858  1  3.36815  1.60145  1.42596  2.04288  3.19094  7.38372  7.96275  9.79879  2.71551  4.27584  2.71157  1  1  1
1  0.504325  1  1.4413  0.950643  4.77221  8.97565  3.43009  8.69014  4.0086  8.58195  0.950187  0.451928  2.67105  5.35479  1
1  1  0.374239  0.800723  1.26752  3.03541  4.70558  1  2.48388  5.50463  6.09015  1.7816  2.71157  1.06842  1  1
1  0.648418  1.12272  0.600542  2.32379  2.507  4.42862  3.79925  7.55982  8.33546  9.9966  0.570112  1  1.7807  1  1
1  1  1  0.400362  1.26752  3.02891  5.11514  4.12522  2.38527  3.2471  19.0644  1.06896  2.03367  1.7807  1  1
1  4.53893  1.12272  0.720651  1  3.08551  11.9717  5.51732  6.86128  12.8165  4.27144  2.13792  1  1.33552  1  1
1  4.53893  1  0.600542  3.80257  14.8816  2.84948  3.83051  7.55272  6.30575  4.57044  1  0.903855  1  1  1
1  1  1.12272  1.20108  1.14077  6.46132  13.9968  6.70744  14.4292  6.97945  6.44464  1.42528  2.71157  5.3421  1  1
3.27619  1  0.561359  3.60325  1.26752  12.184  11.2767  10.864  3.64538  4.20934  22.8033  2.13792  1  1.33552  1  1
1  4.53893  0.449087  1.20108  3.80257  2.76884  10.0985  1  15.3749  1  7.95219  2.85056  0.903855  5.3421  1  1
1  1  1.49696  0.200181  0.950643  5.6487  1  4.3373  1  4.31457  11.8675  2.13792  1  1  1  1
1  1  2.24544  1  4.43633  9.66586  1.55244  6.01773  6.42152  5.60975  3.25444  0.475094  2.71157  1  1  1
1  2.26946  1  0.800723  1.05627  3.99695  1  2.16209  9.90108  1  9.2209  0.712641  1  1  1  1
1  1  1.49696  2.40217  0.845016  3.38936  1  7.08542  1.21184  1  1.30177  1  1  5.3421  1  1
1  1  1  2.40217  1  1.62124  5.98676  2.40151  1  1  2.10182  2.85056  2.71157  1  1  1
1  1  1  1  0.950643  5.65019  2.6005  1  2.67733  1  2.43177  1.90037  0.903855  1  1  1
1  1  4.49087  2.40217  1.5844  5.65872  1  7.23179  1  6.47904  1  1.42528  1  1  1  1
1  1  2.24544  0.800723  1  2.76194  1  4.39118  6.80129  3.43844  1.805  0.712641  1  1  1  1
1  1  1  0.400362  1  2.53336  4.04925  1  5.66175  2.95765  3.52564  1.42528  1  1  1  1
1  1  1  1  0.950643  3.89748  4.04926  4.44679  5.56579  5.07025  1.28821  0.712641  1  1  1  1
1  1  1  1  1.26752  1  1  1  1  1  4.61045  1.42528  2.71157  5.3421  1  1
1  4.53893  1  1  1.05627  1  1  3.70566  1.82328  1  3.52564  0.712641  1  1  1  1
1  1.51298  1  1  1  1  4.13728  1  1  1.4084  2.84763  1  1.35578  1  1  1
1  1  1  1  1  1  2.81687  3.37627  2.7829  1  1.89842  1.42528  1.35578  1  1  1
1  1  0.748478  1  1  1  1  3.21157  3.64655  1  1.49162  1.42528  1  1  1  1
1  1  1  1  1  1  1  2.88218  2.87886  1  1  1  1  5.3421  1  1
1  1  1  1  1.90129  1  1  1.56461  1.2475  1  1  2.13792  2.71157  1  1  1
1  1  1  2.40217  1  1  1  2.30574  1  2.53512  1  2.85056  1  1  1  1
1  1  1  1  1  1  1  1  1  1  1  1  1  2.67105  1  1
1  1  1  2.40217  1  1.81882  1.76055  1  1  1  0.94921  1  5.42313  1  1  1
1  1  1  1  1  1  1  1  1  1  1  1  1  1  1  1
1  1  1  0.600542  1  1.81882  1  1.31757  1  1  1  1  1  1  1  1
1  1  1  1  1  1  1  1.72931  1  1  2.98323  1  1  1  1  1
1  1  1  1  1  1.29916  1  1  1  1  1  1  1  1  1  1
1  1  1  1  1  1  1  0.576436  1  1  1  1  1  5.3421  1  1
1  1  1  1  1  1  1  1  1  1.69008  1  1  1  1  1  1
1  1  1  1  1  0.909412  1  1  1  1  1  1  1  1  1  1
1  1  1  1  1.26752  0.454706  0.9683  1  1  1  1  1  1  1  1  1
1  1  1  1  0.633762  0.909412  1  1  1  1  0.542406  1  1  1  1  1
1  1  1  1  1  1  0.352109  1  1  1  1  1  1  1  1  1
1  1  1  1  1  1  1  1  1  1  1.08481  1  1  1  1  1
1  1  1  1  1  1  1  1  1  1  1  1  1  1  1  1
1  1  1  1  1  1  1  1  1  1  0.271203  1  1  1  1  1
1  1  1  1  1  1  1  0.823479  1  1  1  1  1  1  1  1
1  1  1  1  1  1  1  1  1  1  1  1  1  1  1  1
1  1  1  1  1  1  1  1  1  1  1  1  1  1  1  1
1  1  1  1  1  1  1  1  1  1  1  1  1  1  1  1
1  1  1  1  1  1  1  1  1  1  1  1  1  1  1  1
1  1  1  1  1  1  1  0.164696  1  1  1  1  1  1  1  1
1  1  1  1  1  1  1  1  1  1  1  1  1  1  1  1
1  1  1  1  1  1  0.264082  1  1  1  1  1  1  1  1  1
1  1  1  1  1  1  1  1  1  1  1  1  1  1  1  1
1  1  1  1  1  0.129916  1  1  1  1  1  1  1  1  1  1
1  1  1  1  1  1  1  1  1  1  1  1  1  1  1  1
1  1  1  1  1  1  1  1  1  1  1  1  1  1  1  1
1  1  1  1  1  1  1  1  1  1  1  1  1  1  1  1
1  1  1  1  1  1  1  1  1  1  1  1  1  1  1  1
1  1  1  1  1  1  1  1  1  1  1  1  1  1  1  1
1  1  1  1  1  1  1  1  1  1  0.542406  1  1  1  1  1
1  1  1  1  1  1  1  1  1  1  1  1  1  1  1  1
1  1  1  1  1  1  1  1  1  1  1  1  1  1  1  1
1  1  1  1  1  1  1  1  1  1  1  1  1  1  1  1
1  1  1  1  1  1  1  1  1  1  1  1  1  1  1  1
1  1  1  1  1  1  1  1  1  1  1  1  1  1  1  1
1  1  1  1  1  1  1  1  1  1  1  1  1  1  1  1
1  1  1  1  1  1  1  1  1  1  1  1  1  1  1  1
1  1  1  1  1  1  1  1  1  1  1  1  1  1  1  1
1  1  1  1  1  1  1  1  0.0959619  1  1  1  1  1  1  1
1  1  1  1  1  1  1  1  1  1  1  1  1  1  1  1
1  1  1  1  1  1  1  1  1  1  1  1  1  1  1  1
1  1  1  1  1  1  1  1  1  1  1  1  1  1  1  1
1  1  1  1  1  1  1  1  1  1  1  1  1  1  1  1
1  1  1  1  1  1  1  1  1  1  1  1  1  1  1  1
1  1  1  1  1  1  1  1  1  1  1  1  1  1  1  1
1  1  1  1  1  1  1  1  1  1  1  1  1  1  1  1
1  1  1  1  1  1  1  1  1  1  1  1  1  1  1  1
1  1  1  1  1  1  1  1  1  1  1  1  1  1  1  1
1  1  1  1  1  1  1  1  1  1  1  1  1  1  1  1
1  1  1  1  1  1  1  1  1  1  1  1  1  1  1  1
1  1  1  1  1  1  1  1  1  1  1  1  1  1  1  1
1  1  1  1  1  1  1  1  1  1  1  1  1  1  1  1
1  1  1  1  1  1  1  1  1  1  1  1  1  1  1  1
1  1  1  1  1  1  1  1  1  1  1  1  1  1  1  1
1  1  1  1  1  1  1  1  1  1  1  1  1  1  1  1
1  1  1  1  1  1  1  1  1  1  1  1  1  1  1  1
1  1  1  1  1  1  1  1  1  1  1  1  1  1  1  1
1  1  1  1  1  1  1  1  1  1  1  1  1  1  1  1
1  1  1  1  1  1  1  1  1  1  1  1  1  1  1  1
1  1  1  1  1  1  1  1  1  1  1  1  1  1  1  1
1  1  1  1  1  1  1  1  1  1  1  1  1  1  1  1
1  1  1  1  1  1  1  1  1  1  1  1  1  1  1  1
1  1  1  1  1  1  1  1  1  1  1  1  1  1  1  1
1  1  1  1  1  1  1  1  1  1  1  1  1  1  1  1
1  1  1  1  1  1  1  1  1  1  1  1  1  1  1  1
1  1  1  1  1  1  1  1  1  1  1  1  1  1  1  1
1  1  1  1  1  1  1  1  1  1  1  1  1  1  1  1
1  1  1  1  1  1  1  1  1  1  1  1  1  1  1  1
1  1  1  1  1  1  1  1  1  1  1  1  1  1  1  1
1  1  1  1  1  1  1  1  1  1  1  1  1  1  1  1
1  1  1  1  1  1  1  1  1  1  1  1  1  1  1  1
1  1  1  1  1  1  1  1  1  1  1  1  1  1  1  1
1  1  1  1  1  1  1  1  1  1  1  1  1  1  1  1
1  1  1  1  1  1  1  1  1  1  1  1  1  1  1  1
1  1  1  1  1  1  1  1  1  1  1  1  1  1  1  1
1  1  1  1  1  1  1  1  1  1  1  1  1  1  1  1
1  1  1  1  1  1  1  1  1  1  1  1  1  1  1  1
1  1  1  1  1  1  1  1  1  1  1  1  1  1  1  1
1  1  1  1  1  1  1  1  1  1  1  1  1  1  1  1
1  1  1  1  1  1  1  1  1  1  1  1  1  1  1  1
1  1  1  1  1  1  1  1  1  1  1  1  1  1  1  1
1  1  1  1  1  1  1  1  1  1  1  1  1  1  1  1
1  1  1  1  1  1  1  1  1  1  1  1  1  1  1  1
1  1  1  1  1  1  1  1  1  1  1  1  1  1  1  1
1  1  1  1  1  1  1  1  1  1  1  1  1  1  1  1
1  1  1  1  1  1  1  1  1  1  1  1  1  1  1  1
1  1  1  1  1  1  1  1  1  1  1  1  1  1  1  1
1  1  1  1  1  1  1  1  1  1  1  1  1  1  1  1
1  1  1  1  1  1  1  1  1  1  1  1  1  1  1  1
1  1  1  1  1  1  1  1  1  1  1  1  1  1  1  1
1  1  1  1  1  1  1  1  1  1  1  1  1  1  1  1
1  1  1  1  1  1  1  1  1  1  1  1  1  1  1  1
1  1  1  1  1  1  1  1  1  1  1  1  1  1  1  1
1  1  1  1  1  1  1  1  1  1  1  1  1  1  1  1
1  1  1  1  1  1  1  1  1  1  1  1  1  1  1  1
1  1  1  1  1  1  1  1  1  1  1  1  1  1  1  1
1  1  1  1  1  1  1  1  1  1  1  1  1  1  1  1
1  1  1  1  1  1  1  1  1  1  1  1  1  1  1  1
1  1  1  1  1  1  1  1  1  1  1  1  1  1  1  1
1  1  1  1  1  1  1  1  1  1  1  1  1  1  1  1
1  1  1  1  1  1  1  1  1  1  1  1  1  1  1  1
1  1  1  1  1  1  1  1  1  1  1  1  1  1  1  1
1  1  1  1  1  1  1  1  1  1  1  1  1  1  1  1
1  1  1  1  1  1  1  1  1  1  1  1  1  1  1  1
1  1  1  1  1  1  1  1  1  1  1  1  1  1  1  1
1  1  1  1  1  1  1  1  1  1  1  1  1  1  1  1
1  1  1  1  1  1  1  1  1  1  1  1  1  1  1  1
1  1  1  1  1  1  1  1  1  1  1  1  1  1  1  1
1  1  1  1  1  1  1  1  1  1  1  1  1  1  1  1
1  1  1  1  1  1  1  1  1  1  1  1  1  1  1  1
1  1  1  1  1  1  1  1  1  1  1  1  1  1  1  1
1  1  1  1  1  1  1  1  1  1  1  1  1  1  1  1
1  1  1  1  1  1  1  1  1  1  1  1  1  1  1  1
1  1  1  1  1  1  1  1  1  1  1  1  1  1  1  1
1  1  1  1  1  1  1  1  1  1  1  1  1  1  1  1
1  1  1  1  1  1  1  1  1  1  1  1  1  1  1  1
1  1  1  1  1  1  1  1  1  1  1  1  1  1  1  1
1  1  1  1  1  1  1  1  1  1  1  1  1  1  1  1
1  1  1  1  1  1  1  1  1  1  1  1  1  1  1  1
1  1  1  1  1  1  1  1  1  1  1  1  1  1  1  1
1  1  1  1  1  1  1  1  1  1  1  1  1  1  1  1
1  1  1  1  1  1  1  1  1  1  1  1  1  1  1  1
1  1  1  1  1  1  1  1  1  1  1  1  1  1  1  1
1  1  1  1  1  1  1  1  1  1  1  1  1  1  1  1
1  1  1  1  1  1  1  1  1  1  1  1  1  1  1  1
1  1  1  1  1  1  1  1  1  1  1  1  1  1  1  1
1  1  1  1  1  1  1  1  1  1  1  1  1  1  1  1
1  1  1  1  1  1  1  1  1  1  1  1  1  1  1  1
1  1  1  1  1  1  1  1  1  1  1  1  1  1  1  1
1  1  1  1  1  1  1  1  1  1  1  1  1  1  1  1
1  1  1  1  1  1  1  1  1  1  1  1  1  1  1  1
1  1  1  1  1  1  1  1  1  1  1  1  1  1  1  1
1  1  1  1  1  1  1  1  1  1  1  1  1  1  1  1
1  1  1  1  1  1  1  1  1  1  1  1  1  1  1  1
1  1  1  1  1  1  1  1  1  1  1  1  1  1  1  1
1  1  1  1  1  1  1  1  1  1  1  1  1  1  1  1
1  1  1  1  1  1  1  1  1  1  1  1  1  1  1  1
1  1  1  1  1  1  1  1  1  1  1  1  1  1  1  1
1  1  1  1  1  1  1  1  1  1  1  1  1  1  1  1
1  1  1  1  1  1  1  1  1  1  1  1  1  1  1  1
1  1  1  1  1  1  1  1  1  1  1  1  1  1  1  1
1  1  1  1  1  1  1  1  1  1  1  1  1  1  1  1
1  1  1  1  1  1  1  1  1  1  1  1  1  1  1  1
1  1  1  1  1  1  1  1  1  1  1  1  1  1  1  1
1  1  1  1  1  1  1  1  1  1  1  1  1  1  1  1
1  1  1  1  1  1  1  1  1  1  1  1  1  1  1  1
1  1  1  1  1  1  1  1  1  1  1  1  1  1  1  1
1  1  1  1  1  1  1  1  1  1  1  1  1  1  1  1
1  1  1  1  1  1  1  1  1  1  1  1  1  1  1  1
1  1  1  1  1  1  1  1  1  1  1  1  1  1  1  1
1  1  1  1  1  1  1  1  1  1  1  1  1  1  1  1
1  1  1  1  1  1  1  1  1  1  1  1  1  1  1  1
1  1  1  1  1  1  1  1  1  1  1  1  1  1  1  1
1  1  1  1  1  1  1  1  1  1  1  1  1  1  1  1
1  1  1  1  1  1  1  1  1  1  1  1  1  1  1  1
1  1  1  1  1  1  1  1  1  1  1  1  1  1  1  1
1  1  1  1  1  1  1  1  1  1  1  1  1  1  1  1
1  1  1  1  1  1  1  1  1  1  1  1  1  1  1  1
1  1  1  1  1  1  1  1  1  1  1  1  1  1  1  1
1  1  1  1  1  1  1  1  1  1  1  1  1  1  1  1
1  1  1  1  1  1  1  1  1  1  1  1  1  1  1  1
1  1  1  1  1  1  1  1  1  1  1  1  1  1  1  1
1  1  1  1  1  1  1  1  1  1  1  1  1  1  1  1
1  1  1  1  1  1  1  1  1  1  1  1  1  1  1  1
1  1  1  1  1  1  1  1  1  1  1  1  1  1  1  1
1  1  1  1  1  1  1  1  1  1  1  1  1  1  1  1
1  1  1  1  1  1  1  1  1  1  1  1  1  1  1  1
1  1  1  1  1  1  1  1  1  1  1  1  1  1  1  1
1  1  1  1  1  1  1  1  1  1  1  1  1  1  1  1
1  1  1  1  1  1  1  1  1  1  1  1  1  1  1  1
1  1  1  1  1  1  1  1  1  1  1  1  1  1  1  1
1  1  1  1  1  1  1  1  1  1  1  1  1  1  1  1
1  1  1  1  1  1  1  1  1  1  1  1  1  1  1  1
1  1  1  1  1  1  1  1  1  1  1  1  1  1  1  1
1  1  1  1  1  1  1  1  1  1  1  1  1  1  1  1
1  1  1  1  1  1  1  1  1  1  1  1  1  1  1  1
1  1  1  1  1  1  1  1  1  1  1  1  1  1  1  1
1  1  1  1  1  1  1  1  1  1  1  1  1  1  1  1
1  1  1  1  1  1  1  1  1  1  1  1  1  1  1  1
1  1  1  1  1  1  1  1  1  1  1  1  1  1  1  1
1  1  1  1  1  1  1  1  1  1  1  1  1  1  1  1
1  1  1  1  1  1  1  1  1  1  1  1  1  1  1  1
1  1  1  1  1  1  1  1  1  1  1  1  1  1  1  1
1  1  1  1  1  1  1  1  1  1  1  1  1  1  1  1
1  1  1  1  1  1  1  1  1  1  1  1  1  1  1  1
